Estimation of parameter k\n  trial     mean   stdev    lower90 upper90
      1  -4.7426  2.6551    -9.0134 -0.7333
      2  -2.4190  1.3630    -4.5632 -0.4965
      3  -3.4473  0.7884    -4.6532 -2.4742
      4  -3.9643  0.5255    -4.6984 -3.4735
      5  -3.5770  0.4431    -3.9445 -3.4363
      6  -3.7133  0.4168    -3.9933 -3.6918
      7  -3.6915  0.3043    -3.9433 -3.6925
      8  -3.6967  0.2228    -3.9428 -3.7014
      9  -3.7637  0.6156    -4.1921 -3.6971
     10  -4.0075  1.1202    -6.5118 -3.2648
     11  -3.9508  0.8448    -4.7147 -3.6953
     12  -4.0268  0.8073    -4.7241 -3.7184
     13  -3.9694  0.6315    -4.4508 -3.7287
     14  -3.9991  0.5441    -4.4523 -3.8050
     15  -3.9666  0.4202    -4.3589 -3.8079
     16  -3.9553  0.3103    -4.3173 -3.8162
     17  -3.9648  0.2442    -4.3168 -3.9320
     18  -3.9517  0.1884    -4.2133 -3.9202
     19  -3.9622  0.1577    -4.2148 -3.9613
     20  -3.9565  0.1188    -4.2101 -3.9613
     21  -3.9519  0.0920    -4.2061 -3.9610
     22  -3.9513  0.0731    -4.2058 -3.9611
     23  -3.9537  0.0572    -4.2058 -3.9637
Estimation of parameter e\n  trial     mean   stdev    lower90 upper90
      1   0.2543  0.1469     0.0167  0.4746
      2   0.2544  0.1469     0.0167  0.4746
      3   0.2545  0.1468     0.0169  0.4746
      4   0.2552  0.1465     0.0179  0.4747
      5   0.2542  0.1472     0.0152  0.4746
      6   0.2543  0.1472     0.0155  0.4746
      7   0.2712  0.1401     0.0337  0.4766
      8   0.2875  0.1326     0.0572  0.4784
      9   0.1189  0.0870     0.0013  0.2785
     10   0.0376  0.0307     0.0000  0.0871
     11   0.0406  0.0299     0.0001  0.0896
     12   0.0366  0.0253     0.0001  0.0772
     13   0.0407  0.0254     0.0003  0.0807
     14   0.0430  0.0261     0.0011  0.0836
     15   0.0467  0.0260     0.0027  0.0858
     16   0.0477  0.0256     0.0037  0.0862
     17   0.0504  0.0259     0.0049  0.0902
     18   0.0533  0.0258     0.0070  0.0933
     19   0.0564  0.0267     0.0087  0.0979
     20   0.0582  0.0264     0.0116  0.0990
     21   0.0607  0.0264     0.0162  0.1010
     22   0.0609  0.0263     0.0173  0.1010
     23   0.0627  0.0262     0.0184  0.1022
