  0  746 360.00  0.00 800.00  1.43  1
  1 2961 390.00  0.00 800.00 104.29  0
  2 1858 420.00  0.00 800.00  8.57  1
  3 2331 410.00  0.00 800.00 25.71  1
  4 2647 410.00  0.00 800.00 42.86  0
  5 2565 380.00  0.00 800.00 38.57  1
  6 2724 390.00  0.00 800.00 47.14  0
  7 2566 390.00  0.00 800.00 38.57  1
  8 2646 400.00  0.00 800.00 42.86  1
  9 2725 400.00  0.00 800.00 47.14  1
 10 1529 290.00  0.00 800.00  4.50  1
 11 2725 410.00  0.00 800.00 42.86  1
 12 2811 470.00  0.00 800.00 52.14  0
 13 2724 390.00  0.00 800.00 47.14  1
 14 2810 460.00  0.00 800.00 52.14  0
 15 2810 480.00  0.00 800.00 78.21  0
 16 2645 390.00  0.00 800.00 42.86  1
 17 2809 450.00  0.00 800.00 52.14  0
 18 2645 400.00  0.00 800.00 47.14  1
 19 2809 490.00  0.00 800.00 47.14  0
 20 2809 460.00  0.00 800.00 47.14  0
 21 2809 490.00  0.00 800.00 78.21  0
 22 2645 390.00  0.00 800.00 42.86  1
 23 2809 450.00  0.00 800.00 78.21  0
