Estimation of parameter k\n  trial     mean   stdev    lower90 upper90
      1  -4.7426  2.6551    -9.0134 -0.7333
      2  -2.4190  1.3630    -4.5632 -0.4965
      3  -3.4473  0.7884    -4.6532 -2.4742
      4  -3.9643  0.5255    -4.6984 -3.4735
      5  -4.2237  0.4022    -4.7207 -3.9753
      6  -3.9676  0.4014    -4.2937 -3.9124
      7  -3.9468  0.2977    -4.2060 -3.9244
      8  -3.9572  0.2162    -4.2057 -3.9636
      9  -3.9534  0.1574    -4.2036 -3.9640
     10  -3.9542  0.1145    -4.2034 -3.9656
     11  -3.9674  0.3176    -4.2101 -3.9642
     12  -3.9587  0.2299    -4.2055 -3.9647
     13  -3.9551  0.1684    -4.2038 -3.9651
     14  -3.9719  0.4199    -4.2109 -3.9624
     15  -3.9614  0.3071    -4.2065 -3.9634
     16  -3.9571  0.2189    -4.2055 -3.9641
     17  -3.9542  0.1612    -4.2039 -3.9644
     18  -3.9542  0.1188    -4.2037 -3.9654
     19  -3.9536  0.0849    -4.2035 -3.9655
     20  -3.9530  0.0614    -4.2031 -3.9656
     21  -3.9528  0.0457    -4.2029 -3.9657
     22  -3.9530  0.0334    -4.2029 -3.9660
     23  -3.9530  0.0248    -4.2028 -3.9661
Estimation of parameter e\n  trial     mean   stdev    lower90 upper90
      1   0.2543  0.1469     0.0167  0.4746
      2   0.2544  0.1469     0.0167  0.4746
      3   0.2545  0.1468     0.0169  0.4746
      4   0.2552  0.1465     0.0179  0.4747
      5   0.2559  0.1460     0.0197  0.4747
      6   0.2478  0.1484     0.0147  0.4736
      7   0.2668  0.1419     0.0285  0.4761
      8   0.2849  0.1338     0.0533  0.4781
      9   0.2971  0.1283     0.0725  0.4796
     10   0.3082  0.1230     0.0908  0.4809
     11   0.1710  0.0992     0.0248  0.3554
     12   0.1783  0.0970     0.0383  0.3595
     13   0.1860  0.0958     0.0488  0.3651
     14   0.1015  0.0553     0.0117  0.1931
     15   0.1062  0.0539     0.0206  0.1962
     16   0.1070  0.0533     0.0230  0.1965
     17   0.1112  0.0527     0.0289  0.1998
     18   0.1150  0.0521     0.0352  0.2025
     19   0.1152  0.0519     0.0357  0.2026
     20   0.1172  0.0514     0.0381  0.2038
     21   0.1210  0.0514     0.0414  0.2068
     22   0.1241  0.0511     0.0450  0.2101
     23   0.1273  0.0511     0.0490  0.2135
