  0  746 360.00  0.00 800.00  1.43  1
  1 2961 390.00  0.00 800.00 104.29  0
  2 1858 420.00  0.00 800.00  8.57  1
  3 2331 410.00  0.00 800.00 25.71  1
  4 2647 410.00  0.00 800.00 42.86  1
  5 2807 430.00  0.00 800.00 52.14  0
  6 2806 420.00  0.00 800.00 52.14  0
  7 2648 420.00  0.00 800.00 42.86  1
  8 2950 280.00  0.00 800.00 104.29  0
  9 2495 470.00  0.00 800.00 34.29  1
 10 2651 450.00  0.00 800.00 42.86  1
 11 2807 430.00  0.00 800.00 52.14  0
 12 2806 420.00  0.00 800.00 52.14  0
 13 2498 500.00  0.00 800.00 34.29  1
 14 2808 440.00  0.00 800.00 52.14  0
 15 2808 480.00  0.00 800.00 78.21  0
 16 2807 430.00  0.00 800.00 52.14  0
 17 2570 430.00  0.00 800.00 38.57  1
 18 2807 460.00  0.00 800.00 78.21  0
 19 2807 460.00  0.00 800.00 47.14  0
 20 2951 290.00  0.00 800.00 104.29  0
 21 2341 510.00  0.00 800.00 25.71  1
 22  234 770.00  0.00 800.00  0.43  1
 23  628 760.00  0.00 800.00  1.14  1
