Estimation of parameter k\n  trial     mean   stdev    lower90 upper90
      1  -4.7426  2.6551    -9.0134 -0.7333
      2  -2.4190  1.3630    -4.5632 -0.4965
      3  -3.4473  0.7884    -4.6532 -2.4742
      4  -3.9643  0.5255    -4.6984 -3.4735
      5  -4.2237  0.4022    -4.7207 -3.9753
      6  -4.3605  0.3292    -4.7319 -4.2329
      7  -4.2239  0.2896    -4.4771 -4.2208
      8  -4.2117  0.2123    -4.4676 -4.2211
      9  -4.1186  0.6243    -4.4730 -3.8596
     10  -4.2052  0.5809    -4.4764 -4.0043
     11  -4.2218  0.4523    -4.4744 -4.1786
     12  -4.2237  0.3360    -4.4726 -4.2226
     13  -4.3182  0.8962    -5.2157 -4.0352
     14  -4.2954  0.6629    -4.7750 -4.2160
     15  -4.4605  1.0792    -6.6130 -3.4619
     16  -4.4326  0.8110    -5.0897 -4.2062
     17  -4.4153  0.6055    -4.9595 -4.2257
     18  -4.5030  0.6560    -5.0266 -4.2466
     19  -4.4922  0.4922    -4.9870 -4.2591
     20  -4.4562  0.4043    -4.9348 -4.2549
     21  -4.4395  0.3187    -4.8948 -4.2549
     22  -4.4713  0.2796    -4.9176 -4.2852
     23  -4.4605  0.2259    -4.8870 -4.2834
Estimation of parameter e\n  trial     mean   stdev    lower90 upper90
      1   0.2543  0.1469     0.0167  0.4746
      2   0.2544  0.1469     0.0167  0.4746
      3   0.2545  0.1468     0.0169  0.4746
      4   0.2552  0.1465     0.0179  0.4747
      5   0.2559  0.1460     0.0197  0.4747
      6   0.2602  0.1445     0.0230  0.4753
      7   0.2615  0.1435     0.0266  0.4754
      8   0.2778  0.1371     0.0429  0.4774
      9   0.0758  0.0567     0.0004  0.1762
     10   0.0894  0.0635     0.0014  0.2014
     11   0.1002  0.0639     0.0067  0.2115
     12   0.1064  0.0630     0.0143  0.2163
     13   0.0416  0.0294     0.0000  0.0872
     14   0.0439  0.0285     0.0001  0.0887
     15   0.0225  0.0154     0.0000  0.0443
     16   0.0243  0.0146     0.0001  0.0452
     17   0.0253  0.0140     0.0003  0.0456
     18   0.0225  0.0118     0.0001  0.0365
     19   0.0231  0.0113     0.0006  0.0369
     20   0.0246  0.0119     0.0010  0.0407
     21   0.0255  0.0121     0.0012  0.0422
     22   0.0265  0.0126     0.0014  0.0444
     23   0.0273  0.0127     0.0016  0.0452
