  0  746 360.00  0.00 800.00  1.43  1
  1 2961 390.00  0.00 800.00 104.29  0
  2 1858 420.00  0.00 800.00  8.57  1
  3 2331 410.00  0.00 800.00 25.71  1
  4 2647 410.00  0.00 800.00 42.86  1
  5 2807 430.00  0.00 800.00 52.14  1
  6 2883 400.00  0.00 800.00 78.21  0
  7 2882 390.00  0.00 800.00 78.21  0
  8 2653 470.00  0.00 800.00 42.86  0
  9 2807 430.00  0.00 800.00 52.14  1
 10 2806 420.00  0.00 800.00 52.14  1
 11 2806 430.00  0.00 800.00 47.14  1
 12 2884 410.00  0.00 800.00 78.21  1
 13 1765 280.00  0.00 800.00  7.00  1
 14 2886 430.00  0.00 800.00 78.21  1
 15 1839 230.00  0.00 800.00  8.57  1
 16 1681 230.00  0.00 800.00  6.00  1
 17 2885 420.00  0.00 800.00 78.21  1
 18 1600 210.00  0.00 800.00  5.00  1
 19 2965 430.00  0.00 800.00 104.29  0
 20 2965 430.00  0.00 800.00 130.36  0
 21 2881 380.00  0.00 800.00 78.21  1
 22 2965 440.00  0.00 800.00 130.36  0
 23 2880 370.00  0.00 800.00 78.21  1
