Estimation of parameter k\n  trial     mean   stdev    lower90 upper90
      1  -4.7426  2.6551    -9.0134 -0.7333
      2  -6.9324  1.4348    -8.3660 -4.9292
      3  -5.6415  0.7378    -6.7644 -4.8125
      4  -5.1220  0.5040    -5.7616 -4.7676
      5  -5.3870  0.4321    -5.7851 -5.2761
      6  -5.5221  0.4131    -5.8582 -5.5311
      7  -5.5132  0.3024    -5.7832 -5.5322
      8  -5.5267  0.2199    -5.7829 -5.5412
      9  -5.5266  0.1612    -5.7807 -5.5416
     10  -5.4846  0.4809    -5.7833 -5.3739
     11  -5.5115  0.3604    -5.7826 -5.5352
     12  -5.5220  0.2594    -5.7819 -5.5397
     13  -5.5272  0.1897    -5.7815 -5.5420
     14  -5.4965  0.5196    -5.7860 -5.5176
     15  -5.5143  0.3827    -5.7844 -5.5367
     16  -5.5169  0.3082    -5.7820 -5.5372
     17  -5.5242  0.2240    -5.7815 -5.5405
     18  -5.5258  0.1656    -5.7806 -5.5409
     19  -5.4933  0.4296    -5.7824 -5.4086
     20  -5.5111  0.3227    -5.7818 -5.5321
     21  -5.4035  0.7989    -5.7885 -5.2728
     22  -5.4358  0.5836    -5.7836 -5.2962
     23  -5.4723  0.4772    -5.7834 -5.3307
Estimation of parameter e\n  trial     mean   stdev    lower90 upper90
      1   0.2543  0.1469     0.0167  0.4746
      2   0.2541  0.1469     0.0167  0.4745
      3   0.2530  0.1474     0.0152  0.4744
      4   0.2528  0.1474     0.0152  0.4744
      5   0.2536  0.1472     0.0157  0.4745
      6   0.2518  0.1477     0.0148  0.4742
      7   0.2699  0.1403     0.0335  0.4764
      8   0.2859  0.1332     0.0556  0.4782
      9   0.2985  0.1275     0.0755  0.4798
     10   0.1347  0.0891     0.0084  0.2978
     11   0.1471  0.0875     0.0205  0.3073
     12   0.1521  0.0860     0.0304  0.3101
     13   0.1589  0.0851     0.0392  0.3160
     14   0.0798  0.0445     0.0048  0.1517
     15   0.0842  0.0433     0.0123  0.1539
     16   0.0897  0.0437     0.0187  0.1608
     17   0.0928  0.0428     0.0230  0.1629
     18   0.0956  0.0423     0.0270  0.1650
     19   0.0591  0.0285     0.0061  0.1012
     20   0.0624  0.0278     0.0113  0.1028
     21   0.0356  0.0198     0.0001  0.0630
     22   0.0370  0.0189     0.0007  0.0635
     23   0.0398  0.0189     0.0020  0.0657
