  0  746 360.00  0.00 800.00  1.43  1
  1 2961 390.00  0.00 800.00 104.29  1
  2 3761 490.00  0.00 800.00 521.43  0
  3 3359 420.00  0.00 800.00 260.71  0
  4 3274 360.00  0.00 800.00 208.57  1
  5 3279 410.00  0.00 800.00 208.57  1
  6 3434 380.00  0.00 800.00 312.86  0
  7 3280 420.00  0.00 800.00 208.57  1
  8 3509 340.00  0.00 800.00 365.00  0
  9 3355 380.00  0.00 800.00 260.71  0
 10 3279 410.00  0.00 800.00 208.57  1
 11 3279 420.00  0.00 800.00 182.50  1
 12 3203 440.00  0.00 800.00 182.50  1
 13 3354 370.00  0.00 800.00 260.71  0
 14 3277 390.00  0.00 800.00 208.57  1
 15 3277 410.00  0.00 800.00 260.71  0
 16 3201 420.00  0.00 800.00 182.50  1
 17 3360 430.00  0.00 800.00 260.71  0
 18 3353 360.00  0.00 800.00 260.71  0
 19 3277 390.00  0.00 800.00 208.57  1
 20 3351 340.00  0.00 800.00 260.71  0
 21 2315 250.00  0.00 800.00 25.71  1
 22 3277 390.00  0.00 800.00 208.57  1
 23 3277 400.00  0.00 800.00 260.71  0
