Estimation of parameter k\n  trial     mean   stdev    lower90 upper90
      1  -4.7426  2.6551    -9.0134 -0.7333
      2  -6.9324  1.4348    -8.3660 -4.9292
      3  -5.6415  0.7378    -6.7644 -4.8125
      4  -5.1220  0.5040    -5.7616 -4.7676
      5  -5.3870  0.4321    -5.7851 -5.2761
      6  -5.5221  0.4131    -5.8582 -5.5311
      7  -5.6190  1.0096    -6.6683 -4.3033
      8  -5.7454  0.9863    -6.7725 -4.6743
      9  -5.7090  0.7988    -6.3126 -5.5314
     10  -5.5096  1.1441    -6.5650 -3.1496
     11  -5.5826  0.8547    -6.2525 -5.2800
     12  -5.5183  0.8014    -6.0523 -5.2919
     13  -5.5030  0.6659    -6.0043 -5.3464
     14  -5.5015  0.5275    -5.9205 -5.3895
     15  -5.5246  0.3973    -5.9088 -5.5317
     16  -5.5298  0.2932    -5.8757 -5.5333
     17  -5.5238  0.2262    -5.7887 -5.5337
     18  -5.5184  0.1906    -5.7828 -5.5327
     19  -5.5258  0.1412    -5.7828 -5.5381
     20  -5.5295  0.1051    -5.7828 -5.5409
     21  -5.5285  0.0793    -5.7812 -5.5410
     22  -5.5287  0.0603    -5.7810 -5.5412
     23  -5.5283  0.0474    -5.7803 -5.5413
Estimation of parameter e\n  trial     mean   stdev    lower90 upper90
      1   0.2543  0.1469     0.0167  0.4746
      2   0.2541  0.1469     0.0167  0.4745
      3   0.2530  0.1474     0.0152  0.4744
      4   0.2528  0.1474     0.0152  0.4744
      5   0.2536  0.1472     0.0157  0.4745
      6   0.2518  0.1477     0.0148  0.4742
      7   0.0547  0.0486     0.0000  0.1413
      8   0.0493  0.0439     0.0000  0.1276
      9   0.0590  0.0460     0.0001  0.1385
     10   0.0364  0.0289     0.0000  0.0829
     11   0.0394  0.0281     0.0001  0.0843
     12   0.0430  0.0301     0.0001  0.0920
     13   0.0482  0.0313     0.0001  0.0988
     14   0.0529  0.0317     0.0018  0.1026
     15   0.0565  0.0313     0.0042  0.1055
     16   0.0578  0.0308     0.0059  0.1064
     17   0.0613  0.0309     0.0083  0.1104
     18   0.0651  0.0319     0.0103  0.1158
     19   0.0680  0.0315     0.0156  0.1176
     20   0.0705  0.0312     0.0187  0.1192
     21   0.0727  0.0310     0.0204  0.1206
     22   0.0730  0.0309     0.0209  0.1207
     23   0.0752  0.0308     0.0225  0.1235
