  0  746 360.00  0.00 800.00  1.43  1
  1 2961 390.00  0.00 800.00 104.29  1
  2 3761 490.00  0.00 800.00 521.43  0
  3 3359 420.00  0.00 800.00 260.71  0
  4 3274 360.00  0.00 800.00 208.57  1
  5 3279 410.00  0.00 800.00 208.57  1
  6 3434 380.00  0.00 800.00 312.86  1
  7 3359 420.00  0.00 800.00 260.71  1
  8 3594 400.00  0.00 800.00 417.14  0
  9 3358 410.00  0.00 800.00 260.71  0
 10 2475 270.00  0.00 800.00 34.29  1
 11 3435 390.00  0.00 800.00 312.86  0
 12 3436 400.00  0.00 800.00 312.86  0
 13 3361 440.00  0.00 800.00 260.71  0
 14 3276 380.00  0.00 800.00 208.57  1
 15 3361 480.00  0.00 800.00 312.86  0
 16 3436 400.00  0.00 800.00 312.86  0
 17 3436 410.00  0.00 800.00 260.71  0
 18 3277 390.00  0.00 800.00 208.57  1
 19 3201 420.00  0.00 800.00 182.50  1
 20 3436 400.00  0.00 800.00 312.86  0
 21 3436 440.00  0.00 800.00 365.00  0
 22 3360 430.00  0.00 800.00 260.71  0
 23 3278 400.00  0.00 800.00 208.57  1
