Estimation of parameter k\n  trial     mean   stdev    lower90 upper90
      1  -4.7426  2.6551    -9.0134 -0.7333
      2  -6.9324  1.4348    -8.3660 -4.9292
      3  -7.9737  0.9228    -4.6526 -6.9364
      4  -7.3372  0.6347    -8.1296 -6.8814
      5  -7.6117  0.5393    -8.1573 -7.3851
      6  -7.7622  0.4670    -8.2897 -7.6410
      7  -7.6069  0.4307    -7.9128 -7.5632
      8  -7.6344  0.3330    -7.9244 -7.6434
      9  -7.6268  0.2387    -7.8870 -7.6437
     10  -7.6268  0.1761    -7.8838 -7.6440
     11  -7.6310  0.1265    -7.8838 -7.6456
     12  -7.6314  0.0927    -7.8831 -7.6457
     13  -7.6320  0.0671    -7.8830 -7.6458
     14  -7.6212  0.1980    -7.8831 -7.6408
     15  -7.6283  0.1414    -7.8832 -7.6445
     16  -7.5883  0.3969    -7.8837 -7.5356
     17  -7.6115  0.2910    -7.8839 -7.6377
     18  -7.6221  0.2350    -7.8840 -7.6432
     19  -7.6281  0.1712    -7.8839 -7.6450
     20  -7.6074  0.4352    -7.8916 -7.6421
     21  -7.6181  0.3235    -7.8878 -7.6432
     22  -7.6236  0.2430    -7.8854 -7.6439
     23  -7.6274  0.1791    -7.8843 -7.6444
Estimation of parameter e\n  trial     mean   stdev    lower90 upper90
      1   0.2543  0.1469     0.0167  0.4746
      2   0.2541  0.1469     0.0167  0.4745
      3   0.2549  0.1465     0.0180  0.4746
      4   0.2544  0.1472     0.0164  0.4747
      5   0.2551  0.1470     0.0180  0.4749
      6   0.2578  0.1462     0.0201  0.4753
      7   0.2668  0.1436     0.0255  0.4765
      8   0.2904  0.1371     0.0408  0.4799
      9   0.3044  0.1289     0.0688  0.4812
     10   0.3171  0.1224     0.0916  0.4826
     11   0.3265  0.1170     0.1107  0.4835
     12   0.3343  0.1127     0.1256  0.4843
     13   0.3354  0.1116     0.1289  0.4844
     14   0.2197  0.1057     0.0564  0.4108
     15   0.2277  0.1031     0.0709  0.4143
     16   0.1257  0.0659     0.0218  0.2368
     17   0.1329  0.0642     0.0323  0.2408
     18   0.1418  0.0649     0.0402  0.2518
     19   0.1468  0.0640     0.0478  0.2553
     20   0.0930  0.0441     0.0174  0.1631
     21   0.0965  0.0429     0.0231  0.1650
     22   0.1000  0.0420     0.0290  0.1673
     23   0.1022  0.0413     0.0344  0.1684
