  0  746 360.00  0.00 800.00  1.43  1
  1 2961 390.00  0.00 800.00 104.29  1
  2 3761 490.00  0.00 800.00 521.43  1
  3 3780 680.00  0.00 800.00 521.43  0
  4 3770 580.00  0.00 800.00 521.43  1
  5 3774 620.00  0.00 800.00 521.43  1
  6 3777 650.00  0.00 800.00 521.43  0
  7 3774 630.00  0.00 800.00 521.43  1
  8 3778 660.00  0.00 800.00 521.43  0
  9 3777 650.00  0.00 800.00 521.43  0
 10 3697 640.00  0.00 800.00 469.29  1
 11 3777 650.00  0.00 800.00 521.43  0
 12 3777 670.00  0.00 800.00 521.43  0
 13 3542 670.00  0.00 800.00 365.00  0
 14 3774 620.00  0.00 800.00 521.43  1
 15 3619 650.00  0.00 800.00 417.14  0
 16 3773 610.00  0.00 800.00 521.43  1
 17 3773 630.00  0.00 800.00 521.43  1
 18 3696 630.00  0.00 800.00 469.29  1
 19 3778 660.00  0.00 800.00 521.43  1
 20 3780 680.00  0.00 800.00 521.43  0
 21 3779 670.00  0.00 800.00 521.43  0
 22 3779 680.00  0.00 800.00 521.43  0
 23 3779 670.00  0.00 800.00 521.43  0
