Estimation of parameter k\n  trial     mean   stdev    lower90 upper90
      1  -4.7426  2.6551    -9.0134 -0.7333
      2  -2.4190  1.3630    -4.5632 -0.4965
      3  -1.2633  0.8505    -2.3142 -0.3727
      4  -1.7772  0.6324    -2.3538 -1.3625
      5  -1.5130  0.5955    -1.8431 -1.3363
      6  -1.3775  0.5884    -1.5866 -1.3174
      7  -1.3657  0.4397    -1.5850 -1.3354
      8  -1.6539  1.0890    -2.6832 -1.3361
      9  -1.5350  1.0001    -1.9823 -1.3308
     10  -1.4373  0.7707    -1.7119 -1.3310
     11  -1.3806  0.5609    -1.5838 -1.3316
     12  -1.7016  1.3199    -4.8457 -1.3248
     13  -1.5428  0.9718    -1.8555 -1.3267
     14  -1.4543  0.8038    -1.7949 -1.3256
     15  -1.3928  0.6175    -1.6661 -1.3259
     16  -1.3679  0.4607    -1.6258 -1.3313
     17  -1.3459  0.3362    -1.5834 -1.3316
     18  -1.4554  0.7176    -1.8118 -1.3297
     19  -1.4045  0.5429    -1.7808 -1.3298
     20  -1.3695  0.4198    -1.7248 -1.3294
     21  -1.3440  0.3485    -1.5837 -1.3280
     22  -1.3391  0.2622    -1.5835 -1.3322
     23  -1.3297  0.1988    -1.5787 -1.3322
Estimation of parameter e\n  trial     mean   stdev    lower90 upper90
      1   0.2543  0.1469     0.0167  0.4746
      2   0.2544  0.1469     0.0167  0.4746
      3   0.2543  0.1469     0.0165  0.4746
      4   0.2537  0.1472     0.0157  0.4745
      5   0.2550  0.1469     0.0163  0.4747
      6   0.2544  0.1471     0.0155  0.4746
      7   0.2744  0.1393     0.0352  0.4771
      8   0.0844  0.0671     0.0001  0.2054
      9   0.0999  0.0741     0.0001  0.2328
     10   0.1115  0.0740     0.0049  0.2427
     11   0.1170  0.0727     0.0129  0.2468
     12   0.0480  0.0333     0.0000  0.1007
     13   0.0506  0.0322     0.0001  0.1017
     14   0.0558  0.0331     0.0015  0.1083
     15   0.0601  0.0330     0.0041  0.1125
     16   0.0629  0.0323     0.0073  0.1143
     17   0.0652  0.0319     0.0104  0.1157
     18   0.0413  0.0212     0.0018  0.0703
     19   0.0433  0.0208     0.0033  0.0727
     20   0.0453  0.0206     0.0047  0.0748
     21   0.0473  0.0209     0.0058  0.0775
     22   0.0490  0.0205     0.0079  0.0788
     23   0.0508  0.0205     0.0102  0.0805
