  0  746 360.00  0.00 800.00  1.43  1
  1 2961 390.00  0.00 800.00 104.29  0
  2 1858 420.00  0.00 800.00  8.57  0
  3 1305 420.00  0.00 800.00  3.00  1
  4 1621 420.00  0.00 800.00  5.00  0
  5 1539 390.00  0.00 800.00  4.50  0
  6 1458 370.00  0.00 800.00  4.00  1
  7 1615 360.00  0.00 800.00  5.00  1
  8 1539 390.00  0.00 800.00  4.50  0
  9 1540 400.00  0.00 800.00  4.50  0
 10 1540 400.00  0.00 800.00  5.00  0
 11 1463 420.00  0.00 800.00  4.00  1
 12 2499 510.00  0.00 800.00 34.29  0
 13 1540 400.00  0.00 800.00  4.50  0
 14 1541 410.00  0.00 800.00  4.50  0
 15 1301 380.00  0.00 800.00  3.00  1
 16 1541 410.00  0.00 800.00  5.00  0
 17 1464 430.00  0.00 800.00  4.00  1
 18 1464 440.00  0.00 800.00  4.50  0
 19 1464 470.00  0.00 800.00  3.50  0
 20 1464 440.00  0.00 800.00  3.50  0
 21 1301 380.00  0.00 800.00  3.00  1
 22 1541 410.00  0.00 800.00  4.50  0
 23 1377 350.00  0.00 800.00  3.50  1
