Estimation of parameter k\n  trial     mean   stdev    lower90 upper90
      1  -4.7426  2.6551    -9.0134 -0.7333
      2  -6.9324  1.4348    -8.3660 -4.9292
      3  -5.6415  0.7378    -6.7644 -4.8125
      4  -6.1624  0.5417    -6.8143 -5.8206
      5  -5.8964  0.4548    -6.3074 -5.7993
      6  -6.0332  0.4398    -6.3221 -6.0576
      7  -6.0342  1.0676    -6.9306 -4.2308
      8  -5.9405  1.0120    -6.6341 -4.4565
      9  -5.9609  0.8154    -6.4916 -5.7908
     10  -6.0006  0.6067    -6.4117 -5.9072
     11  -6.0359  0.4536    -6.3961 -6.0601
     12  -6.0380  0.3439    -6.3123 -6.0615
     13  -6.0447  0.2510    -6.3101 -6.0627
     14  -6.0530  0.1845    -6.3101 -6.0666
     15  -6.0605  0.4370    -6.4974 -6.0636
     16  -6.0504  0.3437    -6.3761 -6.0641
     17  -6.0616  0.6580    -6.5494 -6.0586
     18  -6.0285  0.5953    -6.4965 -6.0580
     19  -6.0345  0.4692    -6.4134 -6.0601
     20  -6.0024  0.8635    -6.5547 -5.8218
     21  -6.0596  0.6306    -6.5444 -6.0570
     22  -6.0432  0.5447    -6.5085 -6.0573
     23  -6.0421  0.4409    -6.4502 -6.0585
Estimation of parameter e\n  trial     mean   stdev    lower90 upper90
      1   0.2543  0.1469     0.0167  0.4746
      2   0.2541  0.1469     0.0167  0.4745
      3   0.2530  0.1474     0.0152  0.4744
      4   0.2533  0.1474     0.0152  0.4745
      5   0.2541  0.1471     0.0159  0.4746
      6   0.2558  0.1466     0.0170  0.4748
      7   0.0619  0.0544     0.0000  0.1590
      8   0.0715  0.0605     0.0000  0.1796
      9   0.0829  0.0622     0.0001  0.1919
     10   0.0880  0.0612     0.0024  0.1958
     11   0.0949  0.0607     0.0083  0.2016
     12   0.1017  0.0606     0.0154  0.2073
     13   0.1037  0.0600     0.0193  0.2088
     14   0.1085  0.0596     0.0239  0.2134
     15   0.0591  0.0307     0.0058  0.1070
     16   0.0633  0.0309     0.0095  0.1119
     17   0.0415  0.0216     0.0007  0.0712
     18   0.0435  0.0218     0.0015  0.0744
     19   0.0463  0.0216     0.0037  0.0774
     20   0.0321  0.0175     0.0001  0.0531
     21   0.0333  0.0166     0.0007  0.0538
     22   0.0348  0.0164     0.0014  0.0554
     23   0.0367  0.0162     0.0024  0.0579
