  0  746 360.00  0.00 800.00  1.43  1
  1 2961 390.00  0.00 800.00 104.29  1
  2 3761 490.00  0.00 800.00 521.43  0
  3 3359 420.00  0.00 800.00 260.71  1
  4 3597 430.00  0.00 800.00 417.14  0
  5 3592 380.00  0.00 800.00 417.14  1
  6 3750 380.00  0.00 800.00 521.43  1
  7 3674 410.00  0.00 800.00 469.29  0
  8 3675 420.00  0.00 800.00 469.29  0
  9 3675 450.00  0.00 800.00 521.43  0
 10 3514 390.00  0.00 800.00 365.00  1
 11 3598 440.00  0.00 800.00 417.14  0
 12 3598 460.00  0.00 800.00 469.29  0
 13 3591 370.00  0.00 800.00 417.14  1
 14 3751 390.00  0.00 800.00 521.43  1
 15 3675 420.00  0.00 800.00 469.29  0
 16 3752 400.00  0.00 800.00 521.43  1
 17 3675 430.00  0.00 800.00 417.14  0
 18 3676 430.00  0.00 800.00 469.29  0
 19 3753 410.00  0.00 800.00 521.43  1
 20 2788 240.00  0.00 800.00 52.14  1
 21 3675 420.00  0.00 800.00 469.29  0
 22 3676 430.00  0.00 800.00 469.29  0
 23 3677 440.00  0.00 800.00 469.29  0
