Estimation of parameter k\n  trial     mean   stdev    lower90 upper90
      1  -4.7426  2.6551    -9.0134 -0.7333
      2  -6.9324  1.4348    -8.3660 -4.9292
      3  -5.6415  0.7378    -6.7644 -4.8125
      4  -5.1220  0.5040    -5.7616 -4.7676
      5  -4.8592  0.4268    -5.2574 -4.7458
      6  -4.7206  0.4095    -5.0018 -4.6180
      7  -4.5001  0.9131    -5.1669 -3.3785
      8  -4.6709  0.8574    -5.2331 -4.1366
      9  -4.7195  0.6875    -5.1494 -4.5221
     10  -4.7141  0.5240    -4.9998 -4.5623
     11  -4.7099  0.4206    -4.9945 -4.5700
     12  -4.5888  0.7575    -4.9988 -4.2515
     13  -4.5802  0.5986    -4.9890 -4.3162
     14  -4.6246  0.4870    -4.9893 -4.4881
     15  -4.6492  0.3787    -4.9889 -4.5054
     16  -4.6729  0.2969    -4.9896 -4.5225
     17  -4.6908  0.2306    -4.9902 -4.5421
     18  -4.6975  0.1793    -4.9902 -4.5535
     19  -4.6869  0.1607    -4.9887 -4.5402
     20  -4.7002  0.1309    -4.9895 -4.5607
     21  -4.6951  0.1210    -4.9888 -4.5523
     22  -4.6900  0.1163    -4.9883 -4.5452
     23  -4.6977  0.1049    -4.9888 -4.5571
Estimation of parameter e\n  trial     mean   stdev    lower90 upper90
      1   0.2543  0.1469     0.0167  0.4746
      2   0.2541  0.1469     0.0167  0.4745
      3   0.2530  0.1474     0.0152  0.4744
      4   0.2528  0.1474     0.0152  0.4744
      5   0.2521  0.1476     0.0148  0.4743
      6   0.2506  0.1482     0.0133  0.4741
      7   0.0623  0.0563     0.0001  0.1647
      8   0.0738  0.0627     0.0001  0.1865
      9   0.0862  0.0646     0.0001  0.2006
     10   0.0945  0.0644     0.0033  0.2075
     11   0.1032  0.0662     0.0078  0.2196
     12   0.0474  0.0320     0.0001  0.0989
     13   0.0509  0.0321     0.0006  0.1020
     14   0.0566  0.0325     0.0028  0.1083
     15   0.0607  0.0322     0.0060  0.1122
     16   0.0644  0.0321     0.0098  0.1154
     17   0.0672  0.0319     0.0146  0.1176
     18   0.0688  0.0315     0.0179  0.1185
     19   0.0716  0.0321     0.0192  0.1221
     20   0.0736  0.0320     0.0206  0.1245
     21   0.0761  0.0323     0.0220  0.1279
     22   0.0784  0.0326     0.0235  0.1307
     23   0.0798  0.0324     0.0250  0.1317
