  0  746 360.00  0.00 800.00  1.43  1
  1 2961 390.00  0.00 800.00 104.29  1
  2 3761 490.00  0.00 800.00 521.43  0
  3 3359 420.00  0.00 800.00 260.71  0
  4 3274 360.00  0.00 800.00 208.57  0
  5 3041 400.00  0.00 800.00 130.36  0
  6 2962 400.00  0.00 800.00 104.29  0
  7 2961 390.00  0.00 800.00 104.29  1
  8 2960 380.00  0.00 800.00 104.29  1
  9 2960 410.00  0.00 800.00 130.36  0
 10 2960 390.00  0.00 800.00 130.36  0
 11 2961 390.00  0.00 800.00 104.29  0
 12 2961 400.00  0.00 800.00 130.36  0
 13 2961 410.00  0.00 800.00 78.21  1
 14 2961 400.00  0.00 800.00 78.21  1
 15 2961 410.00  0.00 800.00 78.21  1
 16 2961 410.00  0.00 800.00 78.21  1
 17 2961 390.00  0.00 800.00 78.21  1
 18 2961 390.00  0.00 800.00 130.36  0
 19 2961 410.00  0.00 800.00 78.21  1
 20 2961 400.00  0.00 800.00 130.36  0
 21 2961 400.00  0.00 800.00 130.36  0
 22 2961 400.00  0.00 800.00 78.21  1
 23 2961 420.00  0.00 800.00 130.36  0
