Estimation of parameter k\n  trial     mean   stdev    lower90 upper90
      1  -4.7426  2.6551    -9.0134 -0.7333
      2  -6.9324  1.4348    -8.3660 -4.9292
      3  -5.6415  0.7378    -6.7644 -4.8125
      4  -5.1220  0.5040    -5.7616 -4.7676
      5  -5.3870  0.4321    -5.7851 -5.2761
      6  -5.2490  0.4066    -5.5274 -5.2269
      7  -5.0324  1.0002    -5.8261 -3.6941
      8  -4.9298  0.9740    -5.6794 -3.7585
      9  -4.6892  1.4574    -7.6262 -1.6278
     10  -4.7293  1.1307    -6.4029 -2.7892
     11  -4.7520  0.8605    -5.4635 -4.0299
     12  -4.5305  1.1575    -6.5075 -2.6508
     13  -4.5369  0.8896    -5.2696 -3.7194
     14  -4.5391  0.6877    -5.2191 -3.9613
     15  -4.3450  0.8009    -5.0843 -3.5908
     16  -4.4549  0.6828    -5.0930 -3.9965
     17  -4.4532  0.5285    -5.0163 -4.0390
     18  -4.5370  0.4729    -5.0934 -4.2376
     19  -4.6220  0.4660    -5.1725 -4.3315
     20  -4.6921  0.4522    -5.2138 -4.4859
     21  -4.6421  0.4145    -5.1418 -4.4476
     22  -4.6753  0.3554    -5.1621 -4.4958
     23  -4.6400  0.3166    -5.0648 -4.4879
Estimation of parameter e\n  trial     mean   stdev    lower90 upper90
      1   0.2543  0.1469     0.0167  0.4746
      2   0.2541  0.1469     0.0167  0.4745
      3   0.2530  0.1474     0.0152  0.4744
      4   0.2528  0.1474     0.0152  0.4744
      5   0.2536  0.1472     0.0157  0.4745
      6   0.2555  0.1467     0.0167  0.4748
      7   0.0575  0.0505     0.0000  0.1473
      8   0.0513  0.0437     0.0000  0.1275
      9   0.0208  0.0189     0.0000  0.0490
     10   0.0240  0.0184     0.0000  0.0506
     11   0.0261  0.0177     0.0001  0.0514
     12   0.0171  0.0106     0.0000  0.0300
     13   0.0187  0.0097     0.0001  0.0306
     14   0.0196  0.0090     0.0001  0.0309
     15   0.0173  0.0066     0.0001  0.0213
     16   0.0180  0.0069     0.0001  0.0253
     17   0.0185  0.0063     0.0005  0.0256
     18   0.0191  0.0068     0.0006  0.0278
     19   0.0191  0.0068     0.0006  0.0279
     20   0.0192  0.0068     0.0006  0.0281
     21   0.0196  0.0071     0.0007  0.0291
     22   0.0201  0.0075     0.0009  0.0302
     23   0.0207  0.0079     0.0010  0.0311
