  0  746 360.00  0.00 800.00  1.43  1
  1 2961 390.00  0.00 800.00 104.29  1
  2 3761 490.00  0.00 800.00 521.43  0
  3 3359 420.00  0.00 800.00 260.71  0
  4 3274 360.00  0.00 800.00 208.57  1
  5 3279 410.00  0.00 800.00 208.57  0
  6 3198 390.00  0.00 800.00 182.50  0
  7 3122 420.00  0.00 800.00 156.43  0
  8 3039 380.00  0.00 800.00 130.36  0
  9 1920 250.00  0.00 800.00 10.71  1
 10 1840 240.00  0.00 800.00  8.57  1
 11 2959 370.00  0.00 800.00 104.29  0
 12 1836 200.00  0.00 800.00  8.57  1
 13 1679 210.00  0.00 800.00  6.00  1
 14 2883 400.00  0.00 800.00 78.21  0
 15 2878 350.00  0.00 800.00 78.21  1
 16 1676 180.00  0.00 800.00  6.00  1
 17 2882 390.00  0.00 800.00 78.21  1
 18 2960 380.00  0.00 800.00 104.29  1
 19 2961 390.00  0.00 800.00 104.29  1
 20 2961 390.00  0.00 800.00 130.36  0
 21 2961 400.00  0.00 800.00 78.21  1
 22 2961 400.00  0.00 800.00 130.36  0
 23 2960 380.00  0.00 800.00 104.29  0
