Estimation of parameter k\n  trial     mean   stdev    lower90 upper90
      1  -4.7426  2.6551    -9.0134 -0.7333
      2  -2.4190  1.3630    -4.5632 -0.4965
      3  -3.4473  0.7884    -4.6532 -2.4742
      4  -3.9643  0.5255    -4.6984 -3.4735
      5  -4.2237  0.4022    -4.7207 -3.9753
      6  -3.9676  0.4014    -4.2937 -3.9124
      7  -3.9468  0.2977    -4.2060 -3.9244
      8  -3.9572  0.2162    -4.2057 -3.9636
      9  -4.0099  0.5868    -4.4381 -3.9579
     10  -3.9749  0.4484    -4.2152 -3.9593
     11  -3.9641  0.3225    -4.2118 -3.9606
     12  -3.9585  0.2324    -4.2097 -3.9614
     13  -3.9557  0.1691    -4.2085 -3.9618
     14  -3.9511  0.1253    -4.2045 -3.9620
     15  -3.9539  0.0922    -4.2045 -3.9648
     16  -3.9524  0.0685    -4.2032 -3.9649
     17  -3.9439  0.1671    -4.2034 -3.9554
     18  -3.9498  0.1219    -4.2034 -3.9616
     19  -3.9242  0.2916    -4.2037 -3.7750
     20  -3.8367  0.5346    -4.2013 -3.6435
     21  -3.7564  0.6825    -4.1921 -3.4875
     22  -3.7395  0.5065    -4.1758 -3.5147
     23  -3.7301  0.3804    -4.1674 -3.5286
Estimation of parameter e\n  trial     mean   stdev    lower90 upper90
      1   0.2543  0.1469     0.0167  0.4746
      2   0.2544  0.1469     0.0167  0.4746
      3   0.2545  0.1468     0.0169  0.4746
      4   0.2552  0.1465     0.0179  0.4747
      5   0.2559  0.1460     0.0197  0.4747
      6   0.2478  0.1484     0.0147  0.4736
      7   0.2668  0.1419     0.0285  0.4761
      8   0.2849  0.1338     0.0533  0.4781
      9   0.1172  0.0862     0.0018  0.2759
     10   0.1310  0.0858     0.0093  0.2882
     11   0.1339  0.0847     0.0161  0.2898
     12   0.1357  0.0840     0.0200  0.2908
     13   0.1368  0.0836     0.0222  0.2914
     14   0.1432  0.0830     0.0280  0.2969
     15   0.1506  0.0827     0.0364  0.3039
     16   0.1576  0.0826     0.0422  0.3102
     17   0.0897  0.0455     0.0175  0.1649
     18   0.0938  0.0446     0.0222  0.1675
     19   0.0552  0.0286     0.0051  0.0995
     20   0.0313  0.0171     0.0008  0.0553
     21   0.0239  0.0123     0.0001  0.0387
     22   0.0246  0.0118     0.0007  0.0392
     23   0.0250  0.0115     0.0011  0.0394
