  0  746 360.00  0.00 800.00  1.43  1
  1 2961 390.00  0.00 800.00 104.29  0
  2 1858 420.00  0.00 800.00  8.57  1
  3 2331 410.00  0.00 800.00 25.71  1
  4 2647 410.00  0.00 800.00 42.86  1
  5 2807 430.00  0.00 800.00 52.14  0
  6 2806 420.00  0.00 800.00 52.14  0
  7 2648 420.00  0.00 800.00 42.86  1
  8 2950 280.00  0.00 800.00 104.29  1
  9 2807 430.00  0.00 800.00 52.14  0
 10 2807 430.00  0.00 800.00 78.21  0
 11 2807 430.00  0.00 800.00 78.21  0
 12 2807 440.00  0.00 800.00 78.21  0
 13 2807 450.00  0.00 800.00 47.14  0
 14 2494 460.00  0.00 800.00 34.29  1
 15 2806 420.00  0.00 800.00 52.14  0
 16 2725 400.00  0.00 800.00 47.14  0
 17 2723 380.00  0.00 800.00 47.14  1
 18 2493 450.00  0.00 800.00 34.29  0
 19 2645 390.00  0.00 800.00 42.86  0
 20 2645 400.00  0.00 800.00 38.57  0
 21 1206 220.00  0.00 800.00  2.57  1
 22 1203 190.00  0.00 800.00  2.57  1
 23 2561 340.00  0.00 800.00 38.57  1
