Estimation of parameter k\n  trial     mean   stdev    lower90 upper90
      1  -4.7426  2.6551    -9.0134 -0.7333
      2  -6.9324  1.4348    -8.3660 -4.9292
      3  -5.6415  0.7378    -6.7644 -4.8125
      4  -5.1220  0.5040    -5.7616 -4.7676
      5  -5.3870  0.4321    -5.7851 -5.2761
      6  -5.5221  0.4131    -5.8582 -5.5311
      7  -5.6190  1.0096    -6.6683 -4.3033
      8  -5.7454  0.9863    -6.7725 -4.6743
      9  -5.7090  0.7988    -6.3126 -5.5314
     10  -5.7694  0.6474    -6.3035 -5.6216
     11  -5.7658  1.3779    -7.4425 -2.4135
     12  -5.8858  1.0517    -6.8222 -4.2680
     13  -5.9554  0.7893    -6.7254 -5.6474
     14  -5.9101  0.6679    -6.5334 -5.6817
     15  -5.9941  0.6925    -6.5785 -5.8030
     16  -5.9819  0.5606    -6.5249 -5.8095
     17  -6.0332  0.4871    -6.5403 -5.8446
     18  -6.0167  0.3966    -6.4848 -5.8428
     19  -6.0495  0.3326    -6.5000 -5.8911
     20  -6.0386  0.2658    -6.4423 -5.8868
     21  -6.0553  0.2143    -6.4510 -5.9437
     22  -6.0452  0.1739    -6.3622 -5.9340
     23  -6.0567  0.1417    -6.3743 -6.0285
Estimation of parameter e\n  trial     mean   stdev    lower90 upper90
      1   0.2543  0.1469     0.0167  0.4746
      2   0.2541  0.1469     0.0167  0.4745
      3   0.2530  0.1474     0.0152  0.4744
      4   0.2528  0.1474     0.0152  0.4744
      5   0.2536  0.1472     0.0157  0.4745
      6   0.2518  0.1477     0.0148  0.4742
      7   0.0547  0.0486     0.0000  0.1413
      8   0.0493  0.0439     0.0000  0.1276
      9   0.0590  0.0460     0.0001  0.1385
     10   0.0659  0.0480     0.0005  0.1492
     11   0.0202  0.0156     0.0000  0.0422
     12   0.0226  0.0148     0.0000  0.0438
     13   0.0240  0.0141     0.0001  0.0446
     14   0.0264  0.0150     0.0002  0.0480
     15   0.0246  0.0137     0.0001  0.0444
     16   0.0265  0.0142     0.0007  0.0468
     17   0.0279  0.0148     0.0010  0.0487
     18   0.0299  0.0153     0.0014  0.0504
     19   0.0316  0.0159     0.0018  0.0522
     20   0.0334  0.0162     0.0022  0.0554
     21   0.0351  0.0165     0.0027  0.0583
     22   0.0370  0.0166     0.0033  0.0606
     23   0.0387  0.0168     0.0039  0.0626
