  0  746 360.00  0.00 800.00  1.43  1
  1 2961 390.00  0.00 800.00 104.29  1
  2 3761 490.00  0.00 800.00 521.43  0
  3 3359 420.00  0.00 800.00 260.71  0
  4 3274 360.00  0.00 800.00 208.57  1
  5 3279 410.00  0.00 800.00 208.57  1
  6 3434 380.00  0.00 800.00 312.86  1
  7 3359 420.00  0.00 800.00 260.71  1
  8 3594 400.00  0.00 800.00 417.14  0
  9 3358 410.00  0.00 800.00 260.71  1
 10 3594 400.00  0.00 800.00 469.29  1
 11 2786 220.00  0.00 800.00 52.14  1
 12 2706 210.00  0.00 800.00 47.14  1
 13 3675 420.00  0.00 800.00 469.29  0
 14 3593 390.00  0.00 800.00 417.14  1
 15 3678 450.00  0.00 800.00 469.29  0
 16 3514 390.00  0.00 800.00 365.00  1
 17 3677 440.00  0.00 800.00 469.29  0
 18 3590 360.00  0.00 800.00 417.14  1
 19 3678 450.00  0.00 800.00 469.29  0
 20 3512 370.00  0.00 800.00 365.00  1
 21 3754 420.00  0.00 800.00 521.43  0
 22 3589 350.00  0.00 800.00 417.14  1
 23 3754 420.00  0.00 800.00 521.43  0
