Estimation of parameter k\n  trial     mean   stdev    lower90 upper90
      1  -4.7426  2.6551    -9.0134 -0.7333
      2  -6.9324  1.4348    -8.3660 -4.9292
      3  -7.9737  0.9228    -4.6526 -6.9364
      4  -8.6043  0.7050    -2.3648 -8.1654
      5  -8.2636  0.6464    -8.9250 -7.9956
      6  -8.1000  0.6138    -8.6296 -7.9169
      7  -8.1636  0.4666    -8.6354 -8.1615
      8  -8.1554  0.3505    -8.5503 -8.1624
      9  -8.1619  0.2624    -8.5338 -8.1633
     10  -8.1645  0.2001    -8.5167 -8.1638
     11  -8.1663  0.1580    -8.5090 -8.1642
     12  -8.1517  0.1183    -8.4124 -8.1638
     13  -8.1598  0.0823    -8.4127 -8.1698
     14  -8.1571  0.0608    -8.4096 -8.1698
     15  -8.1573  0.0493    -8.4095 -8.1699
     16  -8.1574  0.0419    -8.4095 -8.1700
     17  -8.1573  0.0365    -8.4093 -8.1700
     18  -8.1573  0.0334    -8.4092 -8.1701
     19  -8.1573  0.0314    -8.4092 -8.1701
     20  -8.1574  0.0303    -8.4091 -8.1701
     21  -8.1574  0.0296    -8.4091 -8.1702
     22  -8.1574  0.0290    -8.4091 -8.1702
     23  -8.1574  0.0280    -8.4090 -8.1702
Estimation of parameter e\n  trial     mean   stdev    lower90 upper90
      1   0.2543  0.1469     0.0167  0.4746
      2   0.2541  0.1469     0.0167  0.4745
      3   0.2549  0.1465     0.0180  0.4746
      4   0.2554  0.1458     0.0197  0.4746
      5   0.2458  0.1471     0.0151  0.4724
      6   0.2448  0.1464     0.0140  0.4718
      7   0.2684  0.1405     0.0290  0.4758
      8   0.2836  0.1346     0.0479  0.4778
      9   0.2870  0.1322     0.0573  0.4781
     10   0.2902  0.1301     0.0653  0.4784
     11   0.2919  0.1289     0.0699  0.4786
     12   0.3034  0.1256     0.0807  0.4804
     13   0.3132  0.1201     0.0994  0.4814
     14   0.3207  0.1166     0.1111  0.4823
     15   0.3211  0.1163     0.1122  0.4823
     16   0.3214  0.1160     0.1131  0.4823
     17   0.3222  0.1153     0.1156  0.4824
     18   0.3226  0.1150     0.1168  0.4824
     19   0.3230  0.1147     0.1179  0.4824
     20   0.3231  0.1145     0.1184  0.4824
     21   0.3233  0.1144     0.1190  0.4824
     22   0.3234  0.1143     0.1194  0.4825
     23   0.3241  0.1138     0.1212  0.4825
