  0  746 360.00  0.00 800.00  1.43  1
  1 2961 390.00  0.00 800.00 104.29  1
  2 3761 490.00  0.00 800.00 521.43  1
  3 3780 680.00  0.00 800.00 521.43  1
  4 3785 730.00  0.00 800.00 521.43  0
  5 3783 710.00  0.00 800.00 521.43  0
  6 3780 680.00  0.00 800.00 521.43  1
  7 3783 720.00  0.00 800.00 521.43  0
  8 3783 750.00  0.00 800.00 521.43  0
  9 3783 740.00  0.00 800.00 521.43  0
 10 3783 750.00  0.00 800.00 521.43  0
 11 3783 710.00  0.00 800.00 521.43  0
 12 3780 680.00  0.00 800.00 521.43  1
 13 3783 710.00  0.00 800.00 521.43  0
 14 3783 750.00  0.00 800.00 521.43  0
 15 3783 750.00  0.00 800.00 521.43  0
 16 3783 730.00  0.00 800.00 521.43  0
 17 3783 740.00  0.00 800.00 521.43  0
 18 3783 740.00  0.00 800.00 521.43  0
 19 3783 750.00  0.00 800.00 521.43  0
 20 3783 750.00  0.00 800.00 521.43  0
 21 3783 750.00  0.00 800.00 521.43  0
 22 3783 730.00  0.00 800.00 521.43  0
 23 3702 690.00  0.00 800.00 469.29  1
