Estimation of parameter k\n  trial     mean   stdev    lower90 upper90
      1  -4.7426  2.6551    -9.0134 -0.7333
      2  -2.4190  1.3630    -4.5632 -0.4965
      3  -3.4473  0.7884    -4.6532 -2.4742
      4  -3.9643  0.5255    -4.6984 -3.4735
      5  -4.2237  0.4022    -4.7207 -3.9753
      6  -4.3605  0.3292    -4.7319 -4.2329
      7  -4.2239  0.2896    -4.4771 -4.2208
      8  -4.2117  0.2123    -4.4676 -4.2211
      9  -4.2175  0.1524    -4.4674 -4.2275
     10  -4.2106  0.3997    -4.4704 -4.1291
     11  -4.1387  0.8995    -4.8945 -3.7273
     12  -4.0576  1.0400    -5.9635 -3.3495
     13  -4.0223  0.7765    -4.4725 -3.7196
     14  -4.0012  0.5752    -4.4459 -3.7613
     15  -3.9628  0.4766    -4.3865 -3.7570
     16  -3.9737  0.3699    -4.3809 -3.8564
     17  -3.9652  0.2771    -4.3570 -3.8690
     18  -4.0232  0.3849    -4.4419 -3.9521
     19  -4.0968  0.4435    -4.4637 -3.9640
     20  -4.1504  0.4188    -4.4692 -3.9836
     21  -4.1812  0.3540    -4.4705 -4.0154
     22  -4.1972  0.2816    -4.4707 -4.0636
     23  -4.2053  0.2170    -4.4705 -4.1297
Estimation of parameter e\n  trial     mean   stdev    lower90 upper90
      1   0.2543  0.1469     0.0167  0.4746
      2   0.2544  0.1469     0.0167  0.4746
      3   0.2545  0.1468     0.0169  0.4746
      4   0.2552  0.1465     0.0179  0.4747
      5   0.2559  0.1460     0.0197  0.4747
      6   0.2602  0.1445     0.0230  0.4753
      7   0.2615  0.1435     0.0266  0.4754
      8   0.2778  0.1371     0.0429  0.4774
      9   0.2902  0.1307     0.0643  0.4787
     10   0.1387  0.0923     0.0112  0.3109
     11   0.0447  0.0327     0.0000  0.0982
     12   0.0351  0.0261     0.0000  0.0760
     13   0.0377  0.0252     0.0001  0.0775
     14   0.0391  0.0246     0.0007  0.0782
     15   0.0422  0.0255     0.0015  0.0824
     16   0.0456  0.0255     0.0028  0.0847
     17   0.0468  0.0253     0.0037  0.0853
     18   0.0372  0.0192     0.0021  0.0652
     19   0.0347  0.0183     0.0015  0.0617
     20   0.0368  0.0195     0.0018  0.0655
     21   0.0400  0.0203     0.0025  0.0684
     22   0.0428  0.0206     0.0036  0.0720
     23   0.0450  0.0205     0.0049  0.0746
