  0  746 360.00  0.00 800.00  1.43  1
  1 2961 390.00  0.00 800.00 104.29  0
  2 1858 420.00  0.00 800.00  8.57  1
  3 2331 410.00  0.00 800.00 25.71  1
  4 2647 410.00  0.00 800.00 42.86  1
  5 2807 430.00  0.00 800.00 52.14  1
  6 2883 400.00  0.00 800.00 78.21  0
  7 2882 390.00  0.00 800.00 78.21  0
  8 2653 470.00  0.00 800.00 42.86  1
  9 2808 440.00  0.00 800.00 52.14  0
 10 2806 420.00  0.00 800.00 52.14  0
 11 2806 430.00  0.00 800.00 47.14  0
 12 1607 280.00  0.00 800.00  5.00  1
 13 1369 270.00  0.00 800.00  3.50  1
 14 2808 440.00  0.00 800.00 52.14  0
 15 2721 360.00  0.00 800.00 47.14  1
 16 2808 440.00  0.00 800.00 78.21  0
 17 2808 450.00  0.00 800.00 47.14  1
 18 2808 450.00  0.00 800.00 47.14  1
 19 2806 420.00  0.00 800.00 52.14  1
 20 2805 410.00  0.00 800.00 52.14  1
 21 2804 400.00  0.00 800.00 52.14  1
 22 2804 410.00  0.00 800.00 47.14  1
 23 2804 420.00  0.00 800.00 78.21  0
