Estimation of parameter k\n  trial     mean   stdev    lower90 upper90
      1  -4.7426  2.6551    -9.0134 -0.7333
      2  -6.9324  1.4348    -8.3660 -4.9292
      3  -5.6415  0.7378    -6.7644 -4.8125
      4  -5.1220  0.5040    -5.7616 -4.7676
      5  -4.8592  0.4268    -5.2574 -4.7458
      6  -4.7206  0.4095    -5.0018 -4.6180
      7  -4.7460  0.2908    -5.0012 -4.7512
      8  -4.7389  0.2111    -4.9934 -4.7517
      9  -4.6921  0.5984    -4.9988 -4.4867
     10  -4.7267  0.4602    -4.9972 -4.7147
     11  -4.6084  1.1199    -6.4208 -2.7082
     12  -4.4378  2.7128    -8.9488 -0.4530
     13  -4.4764  2.7101    -8.9570 -0.4629
     14  -4.5150  2.7057    -8.9646 -0.4736
     15  -4.4785  2.7162    -8.9598 -0.4604
     16  -4.5181  2.7164    -8.9694 -0.4692
     17  -4.5577  2.7172    -8.9792 -0.4779
     18  -4.5966  2.7152    -8.9874 -0.4880
     19  -4.6362  2.7151    -8.9966 -0.4973
     20  -4.6749  2.7122    -9.0043 -0.5080
     21  -4.7133  2.7088    -9.0118 -0.5191
     22  -4.7527  2.7073    -9.0202 -0.5294
     23  -4.7891  2.7016    -9.0264 -0.5420
Estimation of parameter e\n  trial     mean   stdev    lower90 upper90
      1   0.2543  0.1469     0.0167  0.4746
      2   0.2541  0.1469     0.0167  0.4745
      3   0.2530  0.1474     0.0152  0.4744
      4   0.2528  0.1474     0.0152  0.4744
      5   0.2521  0.1476     0.0148  0.4743
      6   0.2506  0.1482     0.0133  0.4741
      7   0.2723  0.1399     0.0337  0.4768
      8   0.2858  0.1332     0.0555  0.4782
      9   0.1116  0.0832     0.0008  0.2637
     10   0.1268  0.0827     0.0079  0.2764
     11   0.0383  0.0317     0.0000  0.0903
     12   0.0001  0.0006     0.0000  0.0001
     13   0.0001  0.0009     0.0000  0.0001
     14   0.0002  0.0012     0.0000  0.0001
     15   0.0001  0.0001     0.0000  0.0001
     16   0.0001  0.0001     0.0000  0.0001
     17   0.0001  0.0001     0.0000  0.0001
     18   0.0001  0.0001     0.0000  0.0001
     19   0.0001  0.0001     0.0000  0.0001
     20   0.0001  0.0002     0.0000  0.0001
     21   0.0001  0.0003     0.0000  0.0001
     22   0.0001  0.0003     0.0000  0.0001
     23   0.0001  0.0005     0.0000  0.0001
