  0  746 360.00  0.00 800.00  1.43  1
  1 2961 390.00  0.00 800.00 104.29  1
  2 3761 490.00  0.00 800.00 521.43  0
  3 3359 420.00  0.00 800.00 260.71  0
  4 3274 360.00  0.00 800.00 208.57  0
  5 3041 400.00  0.00 800.00 130.36  0
  6 2962 400.00  0.00 800.00 104.29  1
  7 3116 360.00  0.00 800.00 156.43  0
  8 3037 360.00  0.00 800.00 130.36  0
  9 2961 390.00  0.00 800.00 104.29  1
 10 2887 440.00  0.00 800.00 78.21  0
 11 1999 250.00  0.00 800.00 12.86  0
 12 2686  10.00  0.00 800.00 47.14  1
 13 2766  20.00  0.00 800.00 52.14  1
 14 2226 150.00  0.00 800.00 21.43  0
 15 2844  10.00  0.00 800.00 78.21  1
 16 2844  30.00  0.00 800.00 104.29  1
 17 2844  20.00  0.00 800.00 52.14  1
 18 2844  20.00  0.00 800.00 104.29  1
 19 2844  50.00  0.00 800.00 52.14  1
 20 2844  20.00  0.00 800.00 52.14  1
 21 2844  50.00  0.00 800.00 104.29  1
 22 2449  10.00  0.00 800.00 34.29  1
 23 2370  10.00  0.00 800.00 30.00  1
