Estimation of parameter k\n  trial     mean   stdev    lower90 upper90
      1  -4.7426  2.6551    -9.0134 -0.7333
      2  -6.9324  1.4348    -8.3660 -4.9292
      3  -5.6415  0.7378    -6.7644 -4.8125
      4  -5.1220  0.5040    -5.7616 -4.7676
      5  -4.8592  0.4268    -5.2574 -4.7458
      6  -4.9998  0.3970    -5.2941 -5.0055
      7  -5.0943  0.9543    -5.9833 -4.1833
      8  -5.2061  0.9870    -6.1379 -3.9910
      9  -5.2339  1.6046    -8.0682 -1.5575
     10  -5.3403  1.2572    -7.1791 -2.6132
     11  -5.4074  0.9559    -6.3229 -4.6007
     12  -5.4451  0.7202    -6.2105 -5.1087
     13  -5.3878  0.6032    -5.9954 -5.1182
     14  -5.4800  0.6252    -6.0496 -5.2746
     15  -5.4543  0.5093    -5.9783 -5.2772
     16  -5.5061  0.4477    -5.9996 -5.3141
     17  -5.4902  0.3581    -5.9311 -5.3137
     18  -5.5200  0.2958    -5.9460 -5.3618
     19  -5.5167  0.2308    -5.9118 -5.3639
     20  -5.5324  0.1876    -5.9205 -5.4289
     21  -5.5212  0.1529    -5.8177 -5.4186
     22  -5.4615  0.2510    -5.7897 -5.3064
     23  -5.4955  0.2188    -5.7987 -5.3393
Estimation of parameter e\n  trial     mean   stdev    lower90 upper90
      1   0.2543  0.1469     0.0167  0.4746
      2   0.2541  0.1469     0.0167  0.4745
      3   0.2530  0.1474     0.0152  0.4744
      4   0.2528  0.1474     0.0152  0.4744
      5   0.2521  0.1476     0.0148  0.4743
      6   0.2536  0.1470     0.0168  0.4745
      7   0.0622  0.0540     0.0000  0.1581
      8   0.0534  0.0461     0.0000  0.1344
      9   0.0186  0.0179     0.0000  0.0455
     10   0.0221  0.0174     0.0000  0.0477
     11   0.0245  0.0167     0.0000  0.0488
     12   0.0259  0.0160     0.0001  0.0494
     13   0.0286  0.0171     0.0004  0.0524
     14   0.0270  0.0161     0.0003  0.0501
     15   0.0293  0.0168     0.0008  0.0524
     16   0.0312  0.0178     0.0012  0.0582
     17   0.0335  0.0183     0.0017  0.0613
     18   0.0359  0.0191     0.0022  0.0646
     19   0.0369  0.0190     0.0026  0.0652
     20   0.0390  0.0194     0.0031  0.0670
     21   0.0411  0.0196     0.0039  0.0684
     22   0.0297  0.0135     0.0018  0.0479
     23   0.0310  0.0138     0.0021  0.0491
