  0  746 360.00  0.00 800.00  1.43  1
  1 2961 390.00  0.00 800.00 104.29  1
  2 3761 490.00  0.00 800.00 521.43  0
  3 3359 420.00  0.00 800.00 260.71  0
  4 3274 360.00  0.00 800.00 208.57  0
  5 3041 400.00  0.00 800.00 130.36  1
  6 3197 380.00  0.00 800.00 182.50  1
  7 3122 420.00  0.00 800.00 156.43  1
  8 3282 440.00  0.00 800.00 208.57  1
  9 2315 250.00  0.00 800.00 25.71  1
 10 2313 230.00  0.00 800.00 25.71  1
 11 2312 220.00  0.00 800.00 25.71  1
 12 3360 430.00  0.00 800.00 260.71  0
 13 3280 420.00  0.00 800.00 208.57  1
 14 3362 450.00  0.00 800.00 260.71  0
 15 3278 400.00  0.00 800.00 208.57  1
 16 3438 420.00  0.00 800.00 312.86  0
 17 3277 390.00  0.00 800.00 208.57  1
 18 3438 450.00  0.00 800.00 365.00  0
 19 3276 380.00  0.00 800.00 208.57  1
 20 3362 450.00  0.00 800.00 260.71  0
 21 3351 340.00  0.00 800.00 260.71  0
 22 3278 400.00  0.00 800.00 208.57  1
 23 3276 380.00  0.00 800.00 208.57  1
