Estimation of parameter k\n  trial     mean   stdev    lower90 upper90
      1  -4.7426  2.6551    -9.0134 -0.7333
      2  -2.4190  1.3630    -4.5632 -0.4965
      3  -1.2633  0.8505    -2.3142 -0.3727
      4  -0.7466  0.7182    -1.3036 -0.3174
      5  -1.0040  0.6469    -1.3218 -0.8132
      6  -0.8669  0.6427    -1.0699 -0.8003
      7  -0.8462  0.4787    -1.0598 -0.8100
      8  -1.2068  1.2343    -3.1858 -0.8143
      9  -1.3733  1.3048    -4.1406 -0.8721
     10  -1.8573  1.8313    -7.0523 -0.9945
     11  -1.5532  1.4058    -5.0744 -1.0257
     12  -2.0534  1.8208    -7.1795 -1.0820
     13  -1.7530  1.4075    -5.3456 -1.0911
     14  -1.5765  1.0554    -2.4476 -1.0960
     15  -1.4837  0.7967    -2.1116 -1.0986
     16  -1.3789  0.6798    -1.8963 -1.0852
     17  -1.5658  0.8634    -2.1031 -1.1606
     18  -1.5042  0.6492    -2.0569 -1.1644
     19  -1.4261  0.5741    -1.8928 -1.1335
     20  -1.3728  0.4727    -1.8236 -1.1198
     21  -1.4887  0.6027    -1.9441 -1.2163
     22  -1.4598  0.4555    -1.9070 -1.2190
     23  -1.4062  0.4144    -1.8305 -1.1725
Estimation of parameter e\n  trial     mean   stdev    lower90 upper90
      1   0.2543  0.1469     0.0167  0.4746
      2   0.2544  0.1469     0.0167  0.4746
      3   0.2543  0.1469     0.0165  0.4746
      4   0.2549  0.1467     0.0174  0.4747
      5   0.2536  0.1471     0.0162  0.4745
      6   0.2553  0.1466     0.0177  0.4747
      7   0.2724  0.1397     0.0348  0.4768
      8   0.0751  0.0593     0.0001  0.1803
      9   0.0597  0.0466     0.0001  0.1393
     10   0.0300  0.0264     0.0000  0.0733
     11   0.0332  0.0258     0.0000  0.0759
     12   0.0180  0.0130     0.0000  0.0335
     13   0.0201  0.0122     0.0000  0.0340
     14   0.0213  0.0114     0.0001  0.0343
     15   0.0220  0.0110     0.0005  0.0345
     16   0.0238  0.0119     0.0008  0.0401
     17   0.0194  0.0082     0.0003  0.0300
     18   0.0198  0.0078     0.0007  0.0302
     19   0.0208  0.0085     0.0008  0.0317
     20   0.0217  0.0090     0.0010  0.0326
     21   0.0193  0.0068     0.0007  0.0284
     22   0.0195  0.0066     0.0009  0.0284
     23   0.0199  0.0070     0.0010  0.0296
