  0  746 360.00  0.00 800.00  1.43  1
  1 2961 390.00  0.00 800.00 104.29  0
  2 1858 420.00  0.00 800.00  8.57  0
  3 1305 420.00  0.00 800.00  3.00  0
  4  988 410.00  0.00 800.00  1.86  1
  5 1147 420.00  0.00 800.00  2.29  0
  6 1066 400.00  0.00 800.00  2.00  1
  7 1223 390.00  0.00 800.00  2.57  1
  8 1224 400.00  0.00 800.00  2.57  1
  9 1223 420.00  0.00 800.00  3.00  1
 10 2580 530.00  0.00 800.00 38.57  0
 11 1385 430.00  0.00 800.00  3.50  1
 12 2664 580.00  0.00 800.00 42.86  0
 13 2587 600.00  0.00 800.00 38.57  0
 14   22 230.00  0.00 800.00  0.14  1
 15 1542 420.00  0.00 800.00  4.50  0
 16 1464 430.00  0.00 800.00  4.00  1
 17   19 200.00  0.00 800.00  0.14  1
 18 1542 420.00  0.00 800.00  4.50  0
 19 1542 420.00  0.00 800.00  5.00  0
 20 1465 440.00  0.00 800.00  4.00  1
 21   17 180.00  0.00 800.00  0.14  1
 22 1541 410.00  0.00 800.00  4.50  0
 23 1465 440.00  0.00 800.00  4.00  1
