Estimation of parameter k\n  trial     mean   stdev    lower90 upper90
      1  -4.7426  2.6551    -9.0134 -0.7333
      2  -6.9324  1.4348    -8.3660 -4.9292
      3  -5.6415  0.7378    -6.7644 -4.8125
      4  -5.1220  0.5040    -5.7616 -4.7676
      5  -4.8592  0.4268    -5.2574 -4.7458
      6  -4.7206  0.4095    -5.0018 -4.6180
      7  -4.7460  0.2908    -5.0012 -4.7512
      8  -4.7389  0.2111    -4.9934 -4.7517
      9  -4.6921  0.5984    -4.9988 -4.4867
     10  -4.7267  0.4602    -4.9972 -4.7147
     11  -4.7376  0.3388    -4.9957 -4.7490
     12  -4.7407  0.2431    -4.9948 -4.7514
     13  -4.7392  0.1798    -4.9926 -4.7519
     14  -4.7414  0.1322    -4.9924 -4.7538
     15  -4.7409  0.0976    -4.9917 -4.7539
     16  -4.7416  0.0722    -4.9917 -4.7545
     17  -4.7414  0.0539    -4.9915 -4.7545
     18  -4.7415  0.0400    -4.9914 -4.7546
     19  -4.7411  0.0935    -4.9917 -4.7541
     20  -4.7416  0.0687    -4.9917 -4.7545
     21  -4.7416  0.0506    -4.9915 -4.7546
     22  -4.7416  0.0373    -4.9915 -4.7547
     23  -4.7416  0.0275    -4.9914 -4.7547
Estimation of parameter e\n  trial     mean   stdev    lower90 upper90
      1   0.2543  0.1469     0.0167  0.4746
      2   0.2541  0.1469     0.0167  0.4745
      3   0.2530  0.1474     0.0152  0.4744
      4   0.2528  0.1474     0.0152  0.4744
      5   0.2521  0.1476     0.0148  0.4743
      6   0.2506  0.1482     0.0133  0.4741
      7   0.2723  0.1399     0.0337  0.4768
      8   0.2858  0.1332     0.0555  0.4782
      9   0.1116  0.0832     0.0008  0.2637
     10   0.1268  0.0827     0.0079  0.2764
     11   0.1350  0.0812     0.0191  0.2828
     12   0.1375  0.0802     0.0249  0.2843
     13   0.1439  0.0796     0.0338  0.2898
     14   0.1500  0.0792     0.0399  0.2951
     15   0.1557  0.0790     0.0458  0.3009
     16   0.1618  0.0790     0.0524  0.3070
     17   0.1682  0.0794     0.0567  0.3140
     18   0.1739  0.0796     0.0614  0.3202
     19   0.1172  0.0492     0.0396  0.1992
     20   0.1205  0.0489     0.0432  0.2019
     21   0.1235  0.0487     0.0469  0.2043
     22   0.1264  0.0485     0.0513  0.2065
     23   0.1292  0.0485     0.0537  0.2095
