  0  746 360.00  0.00 800.00  1.43  1
  1 2961 390.00  0.00 800.00 104.29  1
  2 3761 490.00  0.00 800.00 521.43  0
  3 3359 420.00  0.00 800.00 260.71  0
  4 3274 360.00  0.00 800.00 208.57  0
  5 3041 400.00  0.00 800.00 130.36  0
  6 2962 400.00  0.00 800.00 104.29  1
  7 3116 360.00  0.00 800.00 156.43  0
  8 3037 360.00  0.00 800.00 130.36  0
  9 2961 390.00  0.00 800.00 104.29  1
 10 2887 440.00  0.00 800.00 78.21  1
 11 2961 400.00  0.00 800.00 78.21  1
 12 3041 400.00  0.00 800.00 130.36  0
 13 3036 350.00  0.00 800.00 130.36  1
 14 3116 360.00  0.00 800.00 156.43  0
 15 2962 400.00  0.00 800.00 104.29  1
 16 3268 300.00  0.00 800.00 208.57  0
 17  235 780.00  0.00 800.00  0.43  1
 18  314 780.00  0.00 800.00  0.57  0
 19 2888 450.00  0.00 800.00 78.21  1
 20  392 770.00  0.00 800.00  0.71  1
 21  471 770.00  0.00 800.00  0.86  1
 22  550 770.00  0.00 800.00  1.00  1
 23  629 770.00  0.00 800.00  1.14  0
