Estimation of parameter k\n  trial     mean   stdev    lower90 upper90
      1  -4.7426  2.6551    -9.0134 -0.7333
      2  -2.4190  1.3630    -4.5632 -0.4965
      3  -3.4473  0.7884    -4.6532 -2.4742
      4  -3.9643  0.5255    -4.6984 -3.4735
      5  -3.5770  0.4431    -3.9445 -3.4363
      6  -3.7133  0.4168    -3.9933 -3.6918
      7  -3.9711  1.0310    -5.8534 -3.4457
      8  -3.8514  0.9969    -5.5604 -3.4339
      9  -4.0587  1.3175    -7.3420 -2.3108
     10  -3.9867  1.0072    -5.7629 -3.4847
     11  -3.9414  0.7562    -4.5808 -3.6898
     12  -4.0030  0.6927    -4.6049 -3.7264
     13  -3.9545  0.5426    -4.4086 -3.7321
     14  -3.8885  0.7553    -4.4204 -3.6524
     15  -3.9675  0.7766    -4.4674 -3.7042
     16  -3.9398  0.5765    -4.4029 -3.7176
     17  -3.9670  0.4943    -4.4071 -3.7577
     18  -3.9422  0.3833    -4.3208 -3.7587
     19  -3.9568  0.3100    -4.3244 -3.8168
     20  -3.9500  0.2338    -4.2935 -3.8205
     21  -3.9584  0.1866    -4.2953 -3.9025
     22  -3.9485  0.1477    -4.2134 -3.8925
     23  -3.9557  0.1187    -4.2136 -3.9569
Estimation of parameter e\n  trial     mean   stdev    lower90 upper90
      1   0.2543  0.1469     0.0167  0.4746
      2   0.2544  0.1469     0.0167  0.4746
      3   0.2545  0.1468     0.0169  0.4746
      4   0.2552  0.1465     0.0179  0.4747
      5   0.2542  0.1472     0.0152  0.4746
      6   0.2543  0.1472     0.0155  0.4746
      7   0.0539  0.0485     0.0000  0.1399
      8   0.0622  0.0536     0.0000  0.1568
      9   0.0327  0.0291     0.0000  0.0807
     10   0.0366  0.0284     0.0000  0.0829
     11   0.0390  0.0277     0.0001  0.0840
     12   0.0403  0.0286     0.0001  0.0867
     13   0.0447  0.0290     0.0011  0.0922
     14   0.0325  0.0206     0.0001  0.0639
     15   0.0308  0.0194     0.0001  0.0601
     16   0.0320  0.0188     0.0006  0.0607
     17   0.0342  0.0197     0.0011  0.0641
     18   0.0366  0.0198     0.0019  0.0659
     19   0.0391  0.0202     0.0025  0.0679
     20   0.0397  0.0201     0.0030  0.0681
     21   0.0417  0.0203     0.0036  0.0699
     22   0.0438  0.0202     0.0047  0.0727
     23   0.0458  0.0203     0.0058  0.0754
