  0  746 360.00  0.00 800.00  1.43  1
  1 2961 390.00  0.00 800.00 104.29  0
  2 1858 420.00  0.00 800.00  8.57  1
  3 2331 410.00  0.00 800.00 25.71  1
  4 2647 410.00  0.00 800.00 42.86  0
  5 2565 380.00  0.00 800.00 38.57  1
  6 2724 390.00  0.00 800.00 47.14  1
  7 2725 400.00  0.00 800.00 47.14  0
  8 2648 420.00  0.00 800.00 42.86  1
  9 1528 280.00  0.00 800.00  4.50  1
 10 1448 270.00  0.00 800.00  4.00  1
 11 2724 390.00  0.00 800.00 47.14  1
 12 2810 460.00  0.00 800.00 52.14  0
 13 2646 400.00  0.00 800.00 42.86  0
 14 2725 400.00  0.00 800.00 47.14  1
 15 1210 260.00  0.00 800.00  2.57  1
 16 2723 380.00  0.00 800.00 47.14  1
 17 2811 470.00  0.00 800.00 52.14  0
 18 2722 370.00  0.00 800.00 47.14  1
 19 2811 490.00  0.00 800.00 78.21  0
 20 2644 380.00  0.00 800.00 42.86  1
 21 2810 460.00  0.00 800.00 52.14  0
 22 2722 370.00  0.00 800.00 47.14  1
 23 2810 460.00  0.00 800.00 47.14  1
