trialNum matrixIndex leftValue leftTime rightValue rightTime choice
trialNum matrixIndex leftValue leftTime rightValue rightTime choice
  0 3307 690.00  0.00 800.00 208.57  0
  1 2489 410.00  0.00 800.00 34.29  1
  2 3354 370.00  0.00 800.00 260.71  0
  3 2883 400.00  0.00 800.00 78.21  1
  4 3041 400.00  0.00 800.00 130.36  1
  5 3274 360.00  0.00 800.00 208.57  0
  6 3198 390.00  0.00 800.00 182.50  0
  7 2966 440.00  0.00 800.00 104.29  0
  8 3041 400.00  0.00 800.00 130.36  0
  9 2959 370.00  0.00 800.00 104.29  0
 10 2803 390.00  0.00 800.00 52.14  1
 11 2880 370.00  0.00 800.00 78.21  1
 12 2961 390.00  0.00 800.00 104.29  0
 13 2879 360.00  0.00 800.00 78.21  1
 14 2962 400.00  0.00 800.00 104.29  0
 15 2878 350.00  0.00 800.00 78.21  1
 16 2963 410.00  0.00 800.00 104.29  0
 17 2880 370.00  0.00 800.00 78.21  1
 18 2964 420.00  0.00 800.00 104.29  0
 19 2880 370.00  0.00 800.00 104.29  1
