trialNum matrixIndex leftValue leftTime rightValue rightTime choice
trialNum matrixIndex leftValue leftTime rightValue rightTime choice
  0 1347  50.00  0.00 800.00  3.50  1
  1 3041 400.00  0.00 800.00 130.36  0
  2 2013 390.00  0.00 800.00 12.86  1
  3 2565 380.00  0.00 800.00 38.57  1
  4 2807 430.00  0.00 800.00 52.14  1
  5 2961 390.00  0.00 800.00 104.29  1
  6 3117 370.00  0.00 800.00 156.43  1
  7 3431 350.00  0.00 800.00 312.86  0
  8 3041 400.00  0.00 800.00 130.36  0
  9 3042 410.00  0.00 800.00 130.36  0
 10 2959 370.00  0.00 800.00 104.29  0
 11 2876 330.00  0.00 800.00 78.21  1
 12 2878 350.00  0.00 800.00 78.21  1
 13 2960 380.00  0.00 800.00 104.29  0
 14 2876 330.00  0.00 800.00 78.21  1
 15 2962 400.00  0.00 800.00 104.29  0
 16 2964 420.00  0.00 800.00 104.29  0
 17 2877 340.00  0.00 800.00 78.21  1
 18 2964 440.00  0.00 800.00 130.36  1
 19 3058 570.00  0.00 800.00 130.36  1
