Estimation of parameter k\n  trial     mean   stdev    lower90 upper90
      1  -4.7426  2.6551    -9.0134 -0.7333
      2  -6.9324  1.4348    -8.3660 -4.9292
      3  -5.6415  0.7378    -6.7644 -4.8125
      4  -5.1220  0.5040    -5.7616 -4.7676
      5  -4.8592  0.4268    -5.2574 -4.7458
      6  -4.7206  0.4095    -5.0018 -4.6180
      7  -4.5001  0.9131    -5.1669 -3.3785
      8  -4.3368  0.9345    -4.9951 -3.0331
      9  -4.4747  0.7014    -4.9760 -4.1119
     10  -4.5075  0.5447    -4.9623 -4.3525
     11  -4.4759  0.4363    -4.8383 -4.3617
     12  -4.4813  0.3197    -4.8171 -4.4444
     13  -4.4781  0.2372    -4.7632 -4.4635
     14  -4.4424  0.3212    -4.7338 -4.2778
     15  -4.3278  0.5494    -4.7299 -4.0624
     16  -4.2466  0.5728    -4.7103 -3.9934
     17  -4.2688  0.4539    -4.7076 -4.0775
     18  -4.3473  0.5535    -4.7312 -4.1827
     19  -4.4002  0.5222    -4.7357 -4.2336
     20  -4.4340  0.4466    -4.7366 -4.2623
     21  -4.4539  0.3596    -4.7366 -4.3036
     22  -4.4651  0.2794    -4.7362 -4.3596
     23  -4.4670  0.2090    -4.7356 -4.3836
Estimation of parameter e\n  trial     mean   stdev    lower90 upper90
      1   0.2543  0.1469     0.0167  0.4746
      2   0.2541  0.1469     0.0167  0.4745
      3   0.2530  0.1474     0.0152  0.4744
      4   0.2528  0.1474     0.0152  0.4744
      5   0.2521  0.1476     0.0148  0.4743
      6   0.2506  0.1482     0.0133  0.4741
      7   0.0623  0.0563     0.0001  0.1647
      8   0.0512  0.0470     0.0001  0.1360
      9   0.0627  0.0494     0.0001  0.1498
     10   0.0705  0.0500     0.0017  0.1575
     11   0.0782  0.0519     0.0044  0.1682
     12   0.0806  0.0513     0.0075  0.1696
     13   0.0825  0.0509     0.0101  0.1708
     14   0.0617  0.0371     0.0048  0.1232
     15   0.0339  0.0195     0.0007  0.0633
     16   0.0306  0.0176     0.0005  0.0555
     17   0.0330  0.0178     0.0013  0.0589
     18   0.0297  0.0157     0.0006  0.0503
     19   0.0315  0.0165     0.0008  0.0524
     20   0.0341  0.0171     0.0014  0.0578
     21   0.0365  0.0173     0.0023  0.0609
     22   0.0385  0.0172     0.0032  0.0628
     23   0.0392  0.0170     0.0039  0.0631
