Estimation of parameter k\n  trial     mean   stdev    lower90 upper90
      1  -4.7426  2.6551    -9.0134 -0.7333
      2  -2.4190  1.3630    -4.5632 -0.4965
      3  -1.2633  0.8505    -2.3142 -0.3727
      4  -1.7772  0.6324    -2.3538 -1.3625
      5  -1.5130  0.5955    -1.8431 -1.3363
      6  -1.3775  0.5884    -1.5866 -1.3174
      7  -1.4896  1.3330    -4.4821 -0.8079
      8  -1.3776  1.4024    -4.7537 -0.6226
      9  -1.3237  1.1495    -2.5946 -0.8720
     10  -1.2077  0.9776    -1.5599 -0.8467
     11  -1.1864  0.8093    -1.5245 -1.0455
     12  -1.1234  0.6207    -1.3341 -1.0454
     13  -1.1311  0.5886    -1.4115 -1.0695
     14  -1.2322  0.8470    -1.5636 -1.0715
     15  -1.1610  0.6404    -1.5167 -1.0712
     16  -1.1214  0.4655    -1.4818 -1.0714
     17  -1.2730  0.7848    -1.5738 -1.0761
     18  -1.2014  0.7418    -1.5500 -1.0701
     19  -1.1435  0.6076    -1.4852 -1.0687
     20  -1.1057  0.4670    -1.3640 -1.0685
     21  -1.1751  0.6769    -1.5315 -1.0704
     22  -1.4086  1.1458    -2.8106 -1.0744
     23  -1.2912  0.8361    -1.5760 -1.0757
Estimation of parameter e\n  trial     mean   stdev    lower90 upper90
      1   0.2543  0.1469     0.0167  0.4746
      2   0.2544  0.1469     0.0167  0.4746
      3   0.2543  0.1469     0.0165  0.4746
      4   0.2537  0.1472     0.0157  0.4745
      5   0.2550  0.1469     0.0163  0.4747
      6   0.2544  0.1471     0.0155  0.4746
      7   0.0658  0.0597     0.0001  0.1745
      8   0.0480  0.0413     0.0000  0.1198
      9   0.0568  0.0430     0.0001  0.1308
     10   0.0628  0.0455     0.0001  0.1409
     11   0.0719  0.0471     0.0025  0.1519
     12   0.0781  0.0474     0.0061  0.1579
     13   0.0819  0.0488     0.0080  0.1650
     14   0.0578  0.0344     0.0018  0.1135
     15   0.0619  0.0340     0.0051  0.1166
     16   0.0639  0.0335     0.0082  0.1176
     17   0.0439  0.0229     0.0018  0.0780
     18   0.0439  0.0224     0.0021  0.0769
     19   0.0467  0.0227     0.0037  0.0802
     20   0.0493  0.0226     0.0057  0.0822
     21   0.0406  0.0191     0.0025  0.0665
     22   0.0305  0.0170     0.0001  0.0513
     23   0.0317  0.0162     0.0007  0.0515
