  0  746 360.00  0.00 800.00  1.43  1
  1 2961 390.00  0.00 800.00 104.29  0
  2 1858 420.00  0.00 800.00  8.57  0
  3 1305 420.00  0.00 800.00  3.00  1
  4 1621 420.00  0.00 800.00  5.00  0
  5 1539 390.00  0.00 800.00  4.50  0
  6 1458 370.00  0.00 800.00  4.00  0
  7 1305 420.00  0.00 800.00  3.00  0
  8 1145 400.00  0.00 800.00  2.29  1
  9 1381 390.00  0.00 800.00  3.50  0
 10 1145 400.00  0.00 800.00  2.57  1
 11 1382 400.00  0.00 800.00  3.50  0
 12 1145 420.00  0.00 800.00  2.57  1
 13 1382 410.00  0.00 800.00  3.00  1
 14 1382 400.00  0.00 800.00  4.00  0
 15 1382 430.00  0.00 800.00  4.00  0
 16 1306 430.00  0.00 800.00  3.00  1
 17 1381 390.00  0.00 800.00  3.50  0
 18 1382 400.00  0.00 800.00  3.50  0
 19 1383 410.00  0.00 800.00  3.50  0
 20 1383 420.00  0.00 800.00  3.00  1
 21 1383 450.00  0.00 800.00  3.00  1
 22 2425 560.00  0.00 800.00 30.00  0
 23 1381 390.00  0.00 800.00  3.50  0
