trialNum matrixIndex leftValue leftTime rightValue rightTime choice
trialNum matrixIndex leftValue leftTime rightValue rightTime choice
  0 3297 590.00  0.00 800.00 208.57  0
  1 2326 360.00  0.00 800.00 25.71  1
  2 3041 400.00  0.00 800.00 130.36  0
  3 2725 400.00  0.00 800.00 47.14  0
  4 2488 400.00  0.00 800.00 34.29  0
  5 2331 410.00  0.00 800.00 25.71  1
  6 2255 440.00  0.00 800.00 21.43  1
  7 2489 410.00  0.00 800.00 34.29  0
  8 2255 430.00  0.00 800.00 25.71  1
  9 2489 430.00  0.00 800.00 30.00  1
 10 2489 400.00  0.00 800.00 38.57  1
 11 2808 440.00  0.00 800.00 52.14  0
 12 2488 400.00  0.00 800.00 34.29  0
 13 2489 410.00  0.00 800.00 34.29  0
 14 2490 420.00  0.00 800.00 34.29  0
 15 2491 430.00  0.00 800.00 34.29  0
 16 2491 430.00  0.00 800.00 30.00  0
 17 2251 400.00  0.00 800.00 21.43  0
 18 2242 310.00  0.00 800.00 21.43  1
 19 2244 330.00  0.00 800.00 21.43  1
