Estimation of parameter k\n  trial     mean   stdev    lower90 upper90
      1  -4.7426  2.6551    -9.0134 -0.7333
      2  -6.9324  1.4348    -8.3660 -4.9292
      3  -5.6415  0.7378    -6.7644 -4.8125
      4  -5.1220  0.5040    -5.7616 -4.7676
      5  -4.8592  0.4268    -5.2574 -4.7458
      6  -4.7206  0.4095    -5.0018 -4.6180
      7  -4.5001  0.9131    -5.1669 -3.3785
      8  -4.6709  0.8574    -5.2331 -4.1366
      9  -4.7195  0.6875    -5.1494 -4.5221
     10  -4.7141  0.5240    -4.9998 -4.5623
     11  -4.7301  0.8028    -5.2337 -4.5058
     12  -4.7395  0.5866    -5.1612 -4.6221
     13  -4.7325  0.4434    -5.0037 -4.6764
     14  -4.6420  0.9854    -5.6159 -3.5450
     15  -4.6536  0.7328    -5.1350 -4.3259
     16  -4.6589  0.5427    -5.0381 -4.4377
     17  -4.5571  0.7106    -5.0026 -4.2448
     18  -4.5592  0.5309    -4.9933 -4.2842
     19  -4.4890  0.5421    -4.9704 -4.2399
     20  -4.5177  0.4430    -4.9710 -4.2952
     21  -4.5360  0.3555    -4.9716 -4.3590
     22  -4.5068  0.3045    -4.9482 -4.3365
     23  -4.4977  0.2449    -4.9347 -4.3352
Estimation of parameter e\n  trial     mean   stdev    lower90 upper90
      1   0.2543  0.1469     0.0167  0.4746
      2   0.2541  0.1469     0.0167  0.4745
      3   0.2530  0.1474     0.0152  0.4744
      4   0.2528  0.1474     0.0152  0.4744
      5   0.2521  0.1476     0.0148  0.4743
      6   0.2506  0.1482     0.0133  0.4741
      7   0.0623  0.0563     0.0001  0.1647
      8   0.0738  0.0627     0.0001  0.1865
      9   0.0862  0.0646     0.0001  0.2006
     10   0.0945  0.0644     0.0033  0.2075
     11   0.0619  0.0436     0.0001  0.1339
     12   0.0646  0.0425     0.0007  0.1351
     13   0.0698  0.0420     0.0039  0.1383
     14   0.0296  0.0212     0.0000  0.0622
     15   0.0316  0.0204     0.0001  0.0632
     16   0.0327  0.0199     0.0006  0.0637
     17   0.0235  0.0132     0.0001  0.0419
     18   0.0243  0.0127     0.0005  0.0424
     19   0.0229  0.0116     0.0005  0.0375
     20   0.0244  0.0121     0.0008  0.0411
     21   0.0257  0.0125     0.0011  0.0433
     22   0.0269  0.0130     0.0014  0.0456
     23   0.0278  0.0132     0.0016  0.0466
