  0  746 360.00  0.00 800.00  1.43  1
  1 2961 390.00  0.00 800.00 104.29  1
  2 3761 490.00  0.00 800.00 521.43  0
  3 3359 420.00  0.00 800.00 260.71  0
  4 3274 360.00  0.00 800.00 208.57  0
  5 3041 400.00  0.00 800.00 130.36  0
  6 2962 400.00  0.00 800.00 104.29  0
  7 2961 390.00  0.00 800.00 104.29  1
  8 2960 380.00  0.00 800.00 104.29  1
  9 2960 410.00  0.00 800.00 130.36  0
 10 2960 390.00  0.00 800.00 130.36  1
 11 2004 300.00  0.00 800.00 12.86  1
 12 3119 390.00  0.00 800.00 156.43  0
 13 2959 370.00  0.00 800.00 104.29  0
 14 1919 240.00  0.00 800.00 10.71  1
 15 1839 230.00  0.00 800.00  8.57  1
 16 2959 370.00  0.00 800.00 104.29  0
 17 1835 190.00  0.00 800.00  8.57  1
 18 2960 380.00  0.00 800.00 104.29  0
 19 2879 360.00  0.00 800.00 78.21  1
 20 2878 350.00  0.00 800.00 78.21  1
 21 2964 420.00  0.00 800.00 104.29  0
 22 2964 430.00  0.00 800.00 130.36  0
 23 2879 360.00  0.00 800.00 78.21  0
