Estimation of parameter k\n  trial     mean   stdev    lower90 upper90
      1  -4.7426  2.6551    -9.0134 -0.7333
      2  -6.9324  1.4348    -8.3660 -4.9292
      3  -5.6415  0.7378    -6.7644 -4.8125
      4  -5.1220  0.5040    -5.7616 -4.7676
      5  -5.3870  0.4321    -5.7851 -5.2761
      6  -5.2490  0.4066    -5.5274 -5.2269
      7  -5.2677  0.2978    -5.5267 -5.2771
      8  -5.3362  0.8011    -5.9873 -5.1426
      9  -5.4472  0.8818    -6.1755 -5.0638
     10  -5.2539  1.2670    -7.1730 -2.4367
     11  -5.3228  0.9557    -6.0702 -4.3512
     12  -5.2643  0.8831    -5.8919 -4.8416
     13  -5.2496  0.7275    -5.7548 -5.0955
     14  -5.2563  1.2149    -6.9721 -2.6409
     15  -5.3197  0.9124    -5.9700 -4.7105
     16  -5.3550  0.6744    -5.8172 -5.1767
     17  -5.2918  0.6672    -5.7754 -5.1088
     18  -5.3094  0.4911    -5.7652 -5.1812
     19  -5.2819  0.4151    -5.7299 -5.1683
     20  -5.2682  0.3336    -5.6798 -5.1692
     21  -5.2663  0.2554    -5.6462 -5.1803
     22  -5.2767  0.1984    -5.6502 -5.2689
     23  -5.2750  0.1564    -5.6277 -5.2692
Estimation of parameter e\n  trial     mean   stdev    lower90 upper90
      1   0.2543  0.1469     0.0167  0.4746
      2   0.2541  0.1469     0.0167  0.4745
      3   0.2530  0.1474     0.0152  0.4744
      4   0.2528  0.1474     0.0152  0.4744
      5   0.2536  0.1472     0.0157  0.4745
      6   0.2555  0.1467     0.0167  0.4748
      7   0.2726  0.1396     0.0347  0.4768
      8   0.0754  0.0602     0.0001  0.1824
      9   0.0574  0.0449     0.0001  0.1343
     10   0.0363  0.0314     0.0000  0.0869
     11   0.0403  0.0306     0.0000  0.0901
     12   0.0456  0.0333     0.0001  0.1003
     13   0.0520  0.0344     0.0001  0.1073
     14   0.0271  0.0207     0.0000  0.0576
     15   0.0299  0.0198     0.0000  0.0593
     16   0.0315  0.0190     0.0001  0.0601
     17   0.0318  0.0191     0.0001  0.0607
     18   0.0327  0.0187     0.0010  0.0612
     19   0.0353  0.0195     0.0015  0.0646
     20   0.0378  0.0199     0.0022  0.0667
     21   0.0392  0.0198     0.0028  0.0674
     22   0.0411  0.0197     0.0035  0.0683
     23   0.0419  0.0196     0.0040  0.0686
