  0  746 360.00  0.00 800.00  1.43  1
  1 2961 390.00  0.00 800.00 104.29  1
  2 3761 490.00  0.00 800.00 521.43  0
  3 3359 420.00  0.00 800.00 260.71  0
  4 3274 360.00  0.00 800.00 208.57  1
  5 3279 410.00  0.00 800.00 208.57  0
  6 3198 390.00  0.00 800.00 182.50  1
  7 3353 360.00  0.00 800.00 260.71  1
  8 3354 370.00  0.00 800.00 260.71  1
  9 3278 400.00  0.00 800.00 208.57  0
 10 2396 270.00  0.00 800.00 30.00  1
 11 3280 420.00  0.00 800.00 208.57  0
 12 3281 430.00  0.00 800.00 208.57  0
 13 3356 390.00  0.00 800.00 260.71  1
 14 2315 250.00  0.00 800.00 25.71  1
 15 2313 230.00  0.00 800.00 25.71  1
 16 3279 410.00  0.00 800.00 208.57  0
 17 2232 210.00  0.00 800.00 21.43  1
 18 3281 430.00  0.00 800.00 208.57  0
 19 3282 440.00  0.00 800.00 208.57  0
 20 3282 440.00  0.00 800.00 260.71  0
 21 3193 340.00  0.00 800.00 182.50  1
 22 3282 460.00  0.00 800.00 260.71  0
 23 3356 390.00  0.00 800.00 260.71  1
