Estimation of parameter k\n  trial     mean   stdev    lower90 upper90
      1  -4.7426  2.6551    -9.0134 -0.7333
      2  -6.9324  1.4348    -8.3660 -4.9292
      3  -5.6415  0.7378    -6.7644 -4.8125
      4  -5.1220  0.5040    -5.7616 -4.7676
      5  -4.8592  0.4268    -5.2574 -4.7458
      6  -4.7206  0.4095    -5.0018 -4.6180
      7  -4.5001  0.9131    -5.1669 -3.3785
      8  -4.3368  0.9345    -4.9951 -3.0331
      9  -4.4747  0.7014    -4.9760 -4.1119
     10  -4.5075  0.5447    -4.9623 -4.3525
     11  -4.4759  0.4363    -4.8383 -4.3617
     12  -4.4813  0.3197    -4.8171 -4.4444
     13  -4.4781  0.2372    -4.7632 -4.4635
     14  -4.4911  0.1964    -4.8045 -4.4877
     15  -4.4869  0.1470    -4.7413 -4.4880
     16  -4.4857  0.1135    -4.7398 -4.4882
     17  -4.5167  0.1707    -4.9228 -4.4906
     18  -4.5380  0.1678    -4.9493 -4.4939
     19  -4.5344  0.1420    -4.9449 -4.4939
     20  -4.5806  0.1573    -4.9717 -4.4991
     21  -4.6724  0.1514    -4.9875 -4.5271
     22  -4.6699  0.1372    -4.9869 -4.5258
     23  -4.5515  0.1592    -4.9588 -4.4955
Estimation of parameter e\n  trial     mean   stdev    lower90 upper90
      1   0.2543  0.1469     0.0167  0.4746
      2   0.2541  0.1469     0.0167  0.4745
      3   0.2530  0.1474     0.0152  0.4744
      4   0.2528  0.1474     0.0152  0.4744
      5   0.2521  0.1476     0.0148  0.4743
      6   0.2506  0.1482     0.0133  0.4741
      7   0.0623  0.0563     0.0001  0.1647
      8   0.0512  0.0470     0.0001  0.1360
      9   0.0627  0.0494     0.0001  0.1498
     10   0.0705  0.0500     0.0017  0.1575
     11   0.0782  0.0519     0.0044  0.1682
     12   0.0806  0.0513     0.0075  0.1696
     13   0.0825  0.0509     0.0101  0.1708
     14   0.0901  0.0531     0.0152  0.1828
     15   0.0922  0.0527     0.0184  0.1843
     16   0.0930  0.0525     0.0195  0.1848
     17   0.0679  0.0351     0.0129  0.1260
     18   0.0688  0.0354     0.0148  0.1278
     19   0.0699  0.0352     0.0175  0.1287
     20   0.0646  0.0309     0.0170  0.1150
     21   0.0579  0.0247     0.0150  0.0960
     22   0.0590  0.0246     0.0175  0.0969
     23   0.0521  0.0237     0.0096  0.0878
