  0  746 360.00  0.00 800.00  1.43  1
  1 2961 390.00  0.00 800.00 104.29  1
  2 3761 490.00  0.00 800.00 521.43  0
  3 3359 420.00  0.00 800.00 260.71  0
  4 3274 360.00  0.00 800.00 208.57  0
  5 3041 400.00  0.00 800.00 130.36  0
  6 2962 400.00  0.00 800.00 104.29  0
  7 2961 390.00  0.00 800.00 104.29  0
  8 2880 370.00  0.00 800.00 78.21  1
  9 2881 380.00  0.00 800.00 78.21  1
 10 2962 400.00  0.00 800.00 104.29  0
 11 2881 390.00  0.00 800.00 52.14  1
 12 2962 420.00  0.00 800.00 130.36  0
 13 2962 410.00  0.00 800.00 78.21  1
 14 2962 400.00  0.00 800.00 130.36  0
 15 2962 430.00  0.00 800.00 130.36  0
 16 2962 440.00  0.00 800.00 78.21  1
 17 2962 420.00  0.00 800.00 78.21  1
 18 2962 430.00  0.00 800.00 130.36  0
 19 2962 430.00  0.00 800.00 78.21  1
 20 2961 390.00  0.00 800.00 104.29  1
 21 2961 430.00  0.00 800.00 130.36  0
 22 2961 430.00  0.00 800.00 78.21  0
 23 2962 400.00  0.00 800.00 104.29  0
