Estimation of parameter k\n  trial     mean   stdev    lower90 upper90
      1  -4.7426  2.6551    -9.0134 -0.7333
      2  -6.9324  1.4348    -8.3660 -4.9292
      3  -7.9737  0.9228    -4.6526 -6.9364
      4  -7.3372  0.6347    -8.1296 -6.8814
      5  -7.6117  0.5393    -8.1573 -7.3851
      6  -7.7622  0.4670    -8.2897 -7.6410
      7  -7.9022  0.4540    -8.4565 -7.7593
      8  -8.1468  0.9478    -8.1631 -7.7854
      9  -8.0594  0.7932    -8.9700 -7.8090
     10  -7.8783  0.8682    -8.6810 -7.6669
     11  -7.8351  0.7408    -8.4073 -7.6746
     12  -7.8404  0.5827    -8.3261 -7.6951
     13  -7.8827  0.4443    -8.3282 -7.8216
     14  -7.8804  0.3406    -8.2284 -7.8363
     15  -7.8765  0.2663    -8.1531 -7.8391
     16  -7.8902  0.1968    -8.1532 -7.9011
     17  -7.8894  0.1491    -8.1499 -7.9015
     18  -7.8378  0.3126    -8.1477 -7.6937
     19  -7.8652  0.2408    -8.1486 -7.7582
     20  -7.8604  0.2096    -8.1461 -7.7383
     21  -7.8775  0.1578    -8.1468 -7.8359
     22  -7.8743  0.1392    -8.1456 -7.8042
     23  -7.8710  0.1254    -8.1449 -7.7780
Estimation of parameter e\n  trial     mean   stdev    lower90 upper90
      1   0.2543  0.1469     0.0167  0.4746
      2   0.2541  0.1469     0.0167  0.4745
      3   0.2549  0.1465     0.0180  0.4746
      4   0.2544  0.1472     0.0164  0.4747
      5   0.2551  0.1470     0.0180  0.4749
      6   0.2578  0.1462     0.0201  0.4753
      7   0.2496  0.1481     0.0169  0.4740
      8   0.0703  0.0627     0.0010  0.1885
      9   0.0845  0.0681     0.0026  0.2105
     10   0.0792  0.0621     0.0014  0.1918
     11   0.0914  0.0663     0.0034  0.2106
     12   0.1008  0.0673     0.0074  0.2204
     13   0.1094  0.0673     0.0132  0.2281
     14   0.1165  0.0672     0.0197  0.2348
     15   0.1242  0.0678     0.0246  0.2426
     16   0.1302  0.0670     0.0322  0.2477
     17   0.1343  0.0666     0.0371  0.2511
     18   0.0835  0.0414     0.0178  0.1512
     19   0.0894  0.0413     0.0215  0.1555
     20   0.0929  0.0424     0.0234  0.1621
     21   0.0978  0.0420     0.0286  0.1662
     22   0.1015  0.0431     0.0312  0.1710
     23   0.1049  0.0442     0.0335  0.1768
