  0  746 360.00  0.00 800.00  1.43  1
  1 2961 390.00  0.00 800.00 104.29  1
  2 3761 490.00  0.00 800.00 521.43  1
  3 3780 680.00  0.00 800.00 521.43  0
  4 3770 580.00  0.00 800.00 521.43  1
  5 3774 620.00  0.00 800.00 521.43  1
  6 3777 650.00  0.00 800.00 521.43  1
  7 3781 690.00  0.00 800.00 521.43  1
  8 3784 720.00  0.00 800.00 521.43  0
  9 3780 680.00  0.00 800.00 521.43  0
 10 3781 690.00  0.00 800.00 521.43  0
 11 3781 700.00  0.00 800.00 521.43  0
 12 3776 640.00  0.00 800.00 521.43  1
 13 3781 700.00  0.00 800.00 521.43  0
 14 3781 690.00  0.00 800.00 521.43  0
 15 3776 640.00  0.00 800.00 521.43  1
 16 3781 700.00  0.00 800.00 521.43  0
 17 3777 650.00  0.00 800.00 521.43  0
 18 3776 640.00  0.00 800.00 521.43  1
 19 3776 680.00  0.00 800.00 521.43  0
 20 3776 640.00  0.00 800.00 521.43  1
 21 3776 680.00  0.00 800.00 521.43  0
 22 3776 680.00  0.00 800.00 521.43  0
 23 3776 640.00  0.00 800.00 521.43  1
