Estimation of parameter k\n  trial     mean   stdev    lower90 upper90
      1  -4.7426  2.6551    -9.0134 -0.7333
      2  -6.9324  1.4348    -8.3660 -4.9292
      3  -7.9737  0.9228    -4.6526 -6.9364
      4  -8.6043  0.7050    -2.3648 -8.1654
      5  -8.8833  0.6238    -1.3481 -8.6377
      6  -8.6179  0.7375    -8.6243 -8.4260
      7  -8.6844  0.5592    -8.4877 -8.6045
      8  -8.6610  0.4479    -9.0781 -8.6072
      9  -8.6625  0.3382    -8.9454 -8.6282
     10  -8.4704  0.7824    -9.0040 -8.2240
     11  -8.2862  0.9439    -8.9293 -7.9371
     12  -8.3791  0.7240    -8.9294 -8.2161
     13  -8.3645  0.6120    -8.8577 -8.2217
     14  -8.1256  1.0725    -8.8334 -7.6690
     15  -8.2401  0.8337    -8.8366 -8.0071
     16  -8.3163  0.6709    -8.8464 -8.1764
     17  -8.2372  0.7488    -8.7407 -8.0900
     18  -8.1105  0.8872    -8.6773 -7.9219
     19  -8.1844  0.6632    -8.6764 -8.0509
     20  -8.2271  0.4995    -8.6757 -8.1619
     21  -8.1843  0.4647    -8.6508 -8.1415
     22  -8.1709  0.3868    -8.6213 -8.1394
     23  -8.1732  0.3009    -8.6038 -8.1592
Estimation of parameter e\n  trial     mean   stdev    lower90 upper90
      1   0.2543  0.1469     0.0167  0.4746
      2   0.2541  0.1469     0.0167  0.4745
      3   0.2549  0.1465     0.0180  0.4746
      4   0.2554  0.1458     0.0197  0.4746
      5   0.2633  0.1442     0.0248  0.4761
      6   0.2414  0.1528     0.0116  0.4747
      7   0.2649  0.1475     0.0244  0.4781
      8   0.2952  0.1411     0.0376  0.4824
      9   0.3110  0.1333     0.0569  0.4837
     10   0.1485  0.1053     0.0070  0.3483
     11   0.1125  0.0876     0.0019  0.2771
     12   0.1254  0.0878     0.0075  0.2893
     13   0.1395  0.0924     0.0118  0.3111
     14   0.0669  0.0483     0.0001  0.1506
     15   0.0744  0.0484     0.0030  0.1571
     16   0.0826  0.0497     0.0066  0.1671
     17   0.0720  0.0424     0.0045  0.1417
     18   0.0593  0.0345     0.0018  0.1139
     19   0.0629  0.0337     0.0050  0.1159
     20   0.0661  0.0330     0.0085  0.1177
     21   0.0678  0.0331     0.0098  0.1191
     22   0.0716  0.0335     0.0135  0.1235
     23   0.0744  0.0332     0.0179  0.1262
