  0  746 360.00  0.00 800.00  1.43  1
  1 2961 390.00  0.00 800.00 104.29  1
  2 3761 490.00  0.00 800.00 521.43  1
  3 3780 680.00  0.00 800.00 521.43  1
  4 3785 730.00  0.00 800.00 521.43  1
  5 3786 740.00  0.00 800.00 521.43  1
  6 3709 760.00  0.00 800.00 469.29  1
  7 3787 750.00  0.00 800.00 521.43  1
  8 3787 780.00  0.00 800.00 521.43  1
  9 3746 340.00  0.00 800.00 521.43  1
 10 3784 720.00  0.00 800.00 521.43  1
 11 3784 720.00  0.00 800.00 521.43  1
 12 3785 730.00  0.00 800.00 521.43  1
 13 3785 770.00  0.00 800.00 521.43  1
 14 3784 720.00  0.00 800.00 521.43  1
 15 3785 740.00  0.00 800.00 521.43  1
 16 3785 760.00  0.00 800.00 521.43  1
 17 3785 770.00  0.00 800.00 521.43  1
 18 3784 720.00  0.00 800.00 521.43  1
 19 3784 760.00  0.00 800.00 521.43  1
 20 3784 750.00  0.00 800.00 521.43  1
 21 3706 730.00  0.00 800.00 469.29  1
 22 3785 730.00  0.00 800.00 521.43  1
 23 3785 730.00  0.00 800.00 521.43  1
