Estimation of parameter k\n  trial     mean   stdev    lower90 upper90
      1  -4.7426  2.6551    -9.0134 -0.7333
      2  -6.9324  1.4348    -8.3660 -4.9292
      3  -5.6415  0.7378    -6.7644 -4.8125
      4  -6.1624  0.5417    -6.8143 -5.8206
      5  -5.8964  0.4548    -6.3074 -5.7993
      6  -6.0332  0.4398    -6.3221 -6.0576
      7  -6.0342  1.0676    -6.9306 -4.2308
      8  -6.1432  1.1189    -7.0866 -3.9967
      9  -6.0073  1.7782    -8.1665 -1.6112
     10  -6.2457  1.4103    -7.6645 -2.7181
     11  -6.3991  1.0797    -7.4421 -4.8384
     12  -6.3868  0.8828    -7.1309 -6.0708
     13  -6.2971  0.8536    -6.9827 -6.0585
     14  -6.3526  0.6322    -6.9408 -6.1245
     15  -6.3126  0.5494    -6.8207 -6.1148
     16  -6.3107  0.4336    -6.7949 -6.1228
     17  -6.3005  0.3491    -6.7607 -6.1216
     18  -6.3268  0.2782    -6.7685 -6.1866
     19  -6.3129  0.2266    -6.7185 -6.1779
     20  -6.3296  0.1831    -6.7299 -6.2799
     21  -6.3232  0.1493    -6.6886 -6.2770
     22  -6.3183  0.1246    -6.6358 -6.2756
     23  -6.3102  0.1051    -6.5771 -6.2649
Estimation of parameter e\n  trial     mean   stdev    lower90 upper90
      1   0.2543  0.1469     0.0167  0.4746
      2   0.2541  0.1469     0.0167  0.4745
      3   0.2530  0.1474     0.0152  0.4744
      4   0.2533  0.1474     0.0152  0.4745
      5   0.2541  0.1471     0.0159  0.4746
      6   0.2558  0.1466     0.0170  0.4748
      7   0.0619  0.0544     0.0000  0.1590
      8   0.0508  0.0439     0.0000  0.1276
      9   0.0180  0.0170     0.0000  0.0433
     10   0.0214  0.0165     0.0000  0.0457
     11   0.0236  0.0158     0.0000  0.0469
     12   0.0263  0.0164     0.0001  0.0497
     13   0.0276  0.0171     0.0001  0.0512
     14   0.0286  0.0166     0.0006  0.0514
     15   0.0308  0.0175     0.0010  0.0564
     16   0.0326  0.0177     0.0015  0.0590
     17   0.0344  0.0181     0.0020  0.0616
     18   0.0366  0.0184     0.0026  0.0638
     19   0.0385  0.0187     0.0031  0.0656
     20   0.0407  0.0188     0.0039  0.0671
     21   0.0421  0.0188     0.0047  0.0679
     22   0.0433  0.0187     0.0055  0.0686
     23   0.0449  0.0189     0.0066  0.0707
