  0  746 360.00  0.00 800.00  1.43  1
  1 2961 390.00  0.00 800.00 104.29  1
  2 3761 490.00  0.00 800.00 521.43  0
  3 3359 420.00  0.00 800.00 260.71  1
  4 3597 430.00  0.00 800.00 417.14  0
  5 3592 380.00  0.00 800.00 417.14  1
  6 3750 380.00  0.00 800.00 521.43  1
  7 3674 410.00  0.00 800.00 469.29  1
  8 3759 470.00  0.00 800.00 521.43  1
  9 2868 250.00  0.00 800.00 78.21  1
 10 2866 230.00  0.00 800.00 78.21  1
 11 3765 530.00  0.00 800.00 521.43  0
 12 3757 450.00  0.00 800.00 521.43  0
 13 2862 190.00  0.00 800.00 78.21  1
 14 3758 460.00  0.00 800.00 521.43  0
 15 3758 500.00  0.00 800.00 521.43  0
 16 3758 480.00  0.00 800.00 521.43  0
 17 3747 350.00  0.00 800.00 521.43  1
 18 3758 470.00  0.00 800.00 521.43  0
 19 3671 380.00  0.00 800.00 469.29  1
 20 3758 490.00  0.00 800.00 521.43  0
 21 3758 490.00  0.00 800.00 521.43  0
 22 3758 460.00  0.00 800.00 521.43  0
 23 3671 380.00  0.00 800.00 469.29  1
