Estimation of parameter k\n  trial     mean   stdev    lower90 upper90
      1  -4.7426  2.6551    -9.0134 -0.7333
      2  -6.9324  1.4348    -8.3660 -4.9292
      3  -7.9737  0.9228    -4.6526 -6.9364
      4  -7.3372  0.6347    -8.1296 -6.8814
      5  -6.9315  0.5407    -7.3633 -6.8482
      6  -6.7928  0.5108    -7.1071 -6.7247
      7  -6.3606  1.2006    -7.1907 -3.7925
      8  -6.3062  1.0878    -7.0763 -4.5206
      9  -5.8750  1.4048    -7.0734 -2.3985
     10  -6.0236  1.0882    -6.9065 -4.2845
     11  -5.6784  1.2328    -6.8054 -2.9955
     12  -5.7787  0.9576    -6.7091 -4.7038
     13  -5.4875  1.0324    -6.5113 -4.0863
     14  -5.1870  1.1278    -6.3136 -3.1738
     15  -5.2450  0.8809    -6.1994 -4.3383
     16  -4.9808  0.9355    -5.9655 -3.9744
     17  -5.1541  0.8715    -6.0059 -4.4989
     18  -5.1853  0.6715    -5.9519 -4.7060
     19  -5.0449  0.6610    -5.7492 -4.5679
     20  -4.9198  0.6598    -5.5678 -4.4913
     21  -4.9322  0.5147    -5.5263 -4.5263
     22  -4.8063  0.5304    -5.4396 -4.4085
     23  -4.6912  0.5423    -5.2594 -4.2776
Estimation of parameter e\n  trial     mean   stdev    lower90 upper90
      1   0.2543  0.1469     0.0167  0.4746
      2   0.2541  0.1469     0.0167  0.4745
      3   0.2549  0.1465     0.0180  0.4746
      4   0.2544  0.1472     0.0164  0.4747
      5   0.2534  0.1477     0.0142  0.4745
      6   0.2515  0.1478     0.0138  0.4742
      7   0.0521  0.0473     0.0000  0.1364
      8   0.0497  0.0439     0.0000  0.1278
      9   0.0210  0.0168     0.0000  0.0461
     10   0.0232  0.0161     0.0000  0.0475
     11   0.0165  0.0092     0.0000  0.0266
     12   0.0179  0.0082     0.0001  0.0274
     13   0.0161  0.0065     0.0000  0.0171
     14   0.0151  0.0064     0.0000  0.0166
     15   0.0162  0.0051     0.0001  0.0166
     16   0.0158  0.0053     0.0001  0.0165
     17   0.0160  0.0052     0.0001  0.0165
     18   0.0167  0.0040     0.0002  0.0166
     19   0.0167  0.0040     0.0002  0.0166
     20   0.0166  0.0040     0.0001  0.0165
     21   0.0170  0.0031     0.0005  0.0166
     22   0.0169  0.0031     0.0005  0.0165
     23   0.0168  0.0031     0.0004  0.0165
