Estimation of parameter k\n  trial     mean   stdev    lower90 upper90
      1  -4.7426  2.6551    -9.0134 -0.7333
      2  -6.9324  1.4348    -8.3660 -4.9292
      3  -7.9737  0.9228    -4.6526 -6.9364
      4  -7.3372  0.6347    -8.1296 -6.8814
      5  -7.6117  0.5393    -8.1573 -7.3851
      6  -7.3260  0.5516    -7.7441 -7.2425
      7  -7.3385  0.4052    -7.6331 -7.2757
      8  -7.3670  0.2969    -7.6346 -7.3793
      9  -7.3696  0.2170    -7.6301 -7.3799
     10  -7.3700  0.1600    -7.6272 -7.3801
     11  -7.3709  0.1203    -7.6261 -7.3804
     12  -7.3666  0.0877    -7.6208 -7.3803
     13  -7.3700  0.0614    -7.6209 -7.3828
     14  -7.3695  0.0451    -7.6202 -7.3829
     15  -7.3610  0.1278    -7.6201 -7.3769
     16  -7.3672  0.0897    -7.6203 -7.3814
     17  -7.3403  0.2397    -7.6198 -7.2666
     18  -7.3568  0.1750    -7.6203 -7.3746
     19  -7.3649  0.1289    -7.6205 -7.3803
     20  -7.3681  0.0933    -7.6205 -7.3821
     21  -7.3696  0.0684    -7.6205 -7.3829
     22  -7.3696  0.0515    -7.6202 -7.3830
     23  -7.3690  0.0567    -7.6201 -7.3826
Estimation of parameter e\n  trial     mean   stdev    lower90 upper90
      1   0.2543  0.1469     0.0167  0.4746
      2   0.2541  0.1469     0.0167  0.4745
      3   0.2549  0.1465     0.0180  0.4746
      4   0.2544  0.1472     0.0164  0.4747
      5   0.2551  0.1470     0.0180  0.4749
      6   0.2501  0.1483     0.0142  0.4740
      7   0.2589  0.1442     0.0253  0.4750
      8   0.2755  0.1378     0.0419  0.4771
      9   0.2799  0.1351     0.0516  0.4775
     10   0.2839  0.1328     0.0589  0.4779
     11   0.2859  0.1316     0.0631  0.4781
     12   0.2957  0.1276     0.0749  0.4793
     13   0.3071  0.1226     0.0917  0.4807
     14   0.3155  0.1188     0.1045  0.4817
     15   0.1902  0.0996     0.0455  0.3764
     16   0.1976  0.0979     0.0566  0.3809
     17   0.1071  0.0553     0.0218  0.2008
     18   0.1132  0.0543     0.0291  0.2046
     19   0.1190  0.0538     0.0365  0.2097
     20   0.1227  0.0533     0.0405  0.2130
     21   0.1267  0.0532     0.0446  0.2168
     22   0.1303  0.0531     0.0490  0.2199
     23   0.1266  0.0514     0.0468  0.2130
