  0  746 360.00  0.00 800.00  1.43  1
  1 2961 390.00  0.00 800.00 104.29  1
  2 3761 490.00  0.00 800.00 521.43  1
  3 3780 680.00  0.00 800.00 521.43  0
  4 3770 580.00  0.00 800.00 521.43  1
  5 3774 620.00  0.00 800.00 521.43  0
  6 3774 660.00  0.00 800.00 521.43  0
  7 3770 580.00  0.00 800.00 521.43  1
  8 3774 660.00  0.00 800.00 521.43  0
  9 3774 650.00  0.00 800.00 521.43  0
 10 3774 660.00  0.00 800.00 521.43  0
 11 3774 620.00  0.00 800.00 521.43  0
 12 3771 590.00  0.00 800.00 521.43  1
 13 3696 630.00  0.00 800.00 469.29  0
 14 3539 640.00  0.00 800.00 365.00  0
 15 3770 580.00  0.00 800.00 521.43  1
 16 3693 600.00  0.00 800.00 469.29  0
 17 3769 570.00  0.00 800.00 521.43  1
 18 3769 580.00  0.00 800.00 521.43  1
 19 3692 590.00  0.00 800.00 469.29  1
 20 3770 580.00  0.00 800.00 521.43  1
 21 3697 640.00  0.00 800.00 469.29  0
 22 3770 600.00  0.00 800.00 521.43  0
 23 3770 580.00  0.00 800.00 521.43  1
