Estimation of parameter k\n  trial     mean   stdev    lower90 upper90
      1  -4.7426  2.6551    -9.0134 -0.7333
      2  -6.9324  1.4348    -8.3660 -4.9292
      3  -7.9737  0.9228    -4.6526 -6.9364
      4  -8.6043  0.7050    -2.3648 -8.1654
      5  -8.8833  0.6238    -1.3481 -8.6377
      6  -9.0033  0.5223    -0.9757 -8.7795
      7  -9.1077  0.5372    -0.5749 -8.9774
      8  -9.1543  0.4131    -0.5157 -9.0508
      9  -8.7278  1.5364    -0.6283 -5.2896
     10  -8.9285  1.1308    -0.5984 -8.5120
     11  -9.0385  0.8542    -0.5624 -8.9102
     12  -9.1042  0.6337    -0.5392 -8.9898
     13  -9.1427  0.4735    -0.5203 -9.0340
     14  -9.1154  0.6351    -0.5161 -9.0261
     15  -9.1521  0.4672    -0.5034 -9.0791
     16  -9.1729  0.3610    -0.4909 -9.1519
     17  -9.1782  0.3533    -0.4824 -9.1657
     18  -9.1640  0.4563    -0.4836 -9.1880
     19  -9.1830  0.3327    -0.4777 -9.0756
     20  -9.1858  0.3250    -0.4740 -9.0053
     21  -9.1933  0.2702    -0.4698 -8.9265
     22  -9.2003  0.1967    -0.4673 -8.8781
     23  -9.2043  0.1439    -0.4654 -8.8422
Estimation of parameter e\n  trial     mean   stdev    lower90 upper90
      1   0.2543  0.1469     0.0167  0.4746
      2   0.2541  0.1469     0.0167  0.4745
      3   0.2549  0.1465     0.0180  0.4746
      4   0.2554  0.1458     0.0197  0.4746
      5   0.2633  0.1442     0.0248  0.4761
      6   0.2733  0.1390     0.0369  0.4767
      7   0.2739  0.1398     0.0363  0.4773
      8   0.2961  0.1335     0.0566  0.4807
      9   0.0823  0.0678     0.0001  0.2043
     10   0.0866  0.0668     0.0001  0.2069
     11   0.0953  0.0668     0.0043  0.2153
     12   0.1023  0.0664     0.0099  0.2210
     13   0.1097  0.0664     0.0175  0.2280
     14   0.0859  0.0511     0.0088  0.1726
     15   0.0907  0.0505     0.0151  0.1770
     16   0.0973  0.0512     0.0200  0.1846
     17   0.0983  0.0515     0.0203  0.1860
     18   0.0830  0.0431     0.0148  0.1537
     19   0.0865  0.0425     0.0193  0.1561
     20   0.0871  0.0427     0.0196  0.1571
     21   0.0922  0.0439     0.0222  0.1652
     22   0.0955  0.0435     0.0257  0.1677
     23   0.0988  0.0433     0.0299  0.1702
