Estimation of parameter k\n  trial     mean   stdev    lower90 upper90
      1  -4.7426  2.6551    -9.0134 -0.7333
      2  -6.9324  1.4348    -8.3660 -4.9292
      3  -5.6415  0.7378    -6.7644 -4.8125
      4  -5.1220  0.5040    -5.7616 -4.7676
      5  -5.3870  0.4321    -5.7851 -5.2761
      6  -5.2490  0.4066    -5.5274 -5.2269
      7  -5.0324  1.0002    -5.8261 -3.6941
      8  -4.9298  0.9740    -5.6794 -3.7585
      9  -4.9962  0.7773    -5.5165 -4.7275
     10  -5.0719  1.0381    -6.0211 -3.4395
     11  -5.1096  0.7719    -5.6350 -4.8116
     12  -5.1837  0.7181    -5.6698 -5.0103
     13  -5.2286  0.5862    -5.6427 -5.0639
     14  -5.2551  0.4586    -5.6165 -5.1765
     15  -5.2810  0.9970    -6.1574 -4.0327
     16  -5.3163  0.7403    -5.9425 -5.1124
     17  -5.3348  0.5476    -5.8706 -5.2226
     18  -5.3064  0.4444    -5.7665 -5.2269
     19  -5.2867  0.3553    -5.7244 -5.2255
     20  -5.2834  0.2701    -5.7015 -5.2383
     21  -5.2782  0.2093    -5.6717 -5.2428
     22  -5.2763  0.1658    -5.6544 -5.2468
     23  -5.2662  0.1354    -5.5581 -5.2354
Estimation of parameter e\n  trial     mean   stdev    lower90 upper90
      1   0.2543  0.1469     0.0167  0.4746
      2   0.2541  0.1469     0.0167  0.4745
      3   0.2530  0.1474     0.0152  0.4744
      4   0.2528  0.1474     0.0152  0.4744
      5   0.2536  0.1472     0.0157  0.4745
      6   0.2555  0.1467     0.0167  0.4748
      7   0.0575  0.0505     0.0000  0.1473
      8   0.0513  0.0437     0.0000  0.1275
      9   0.0597  0.0449     0.0001  0.1362
     10   0.0414  0.0318     0.0000  0.0929
     11   0.0444  0.0308     0.0001  0.0948
     12   0.0483  0.0330     0.0001  0.1020
     13   0.0539  0.0341     0.0008  0.1094
     14   0.0588  0.0344     0.0030  0.1144
     15   0.0264  0.0183     0.0000  0.0517
     16   0.0281  0.0176     0.0001  0.0530
     17   0.0291  0.0171     0.0006  0.0537
     18   0.0320  0.0177     0.0012  0.0585
     19   0.0347  0.0181     0.0018  0.0617
     20   0.0358  0.0180     0.0023  0.0625
     21   0.0370  0.0179     0.0028  0.0634
     22   0.0376  0.0179     0.0031  0.0637
     23   0.0396  0.0181     0.0038  0.0654
