  0  746 360.00  0.00 800.00  1.43  1
  1 2961 390.00  0.00 800.00 104.29  1
  2 3761 490.00  0.00 800.00 521.43  0
  3 3359 420.00  0.00 800.00 260.71  0
  4 3274 360.00  0.00 800.00 208.57  1
  5 3279 410.00  0.00 800.00 208.57  0
  6 3198 390.00  0.00 800.00 182.50  0
  7 3122 420.00  0.00 800.00 156.43  0
  8 3039 380.00  0.00 800.00 130.36  1
  9 3198 390.00  0.00 800.00 182.50  1
 10 2238 270.00  0.00 800.00 21.43  1
 11 3197 380.00  0.00 800.00 182.50  1
 12 3196 370.00  0.00 800.00 182.50  1
 13 3120 400.00  0.00 800.00 156.43  1
 14 3282 440.00  0.00 800.00 208.57  1
 15 2312 220.00  0.00 800.00 25.71  1
 16 2310 200.00  0.00 800.00 25.71  1
 17 3358 410.00  0.00 800.00 260.71  0
 18 3283 450.00  0.00 800.00 208.57  0
 19 3283 470.00  0.00 800.00 260.71  0
 20 3283 450.00  0.00 800.00 260.71  0
 21 3283 490.00  0.00 800.00 260.71  0
 22 3282 440.00  0.00 800.00 208.57  0
 23 3283 460.00  0.00 800.00 260.71  0
