trialNum matrixIndex leftValue leftTime rightValue rightTime choice
trialNum matrixIndex leftValue leftTime rightValue rightTime choice
  0 2914 710.00  0.00 800.00 78.21  0
  1 2250 390.00  0.00 800.00 21.43  1
  2 3041 400.00  0.00 800.00 130.36  0
  3 2725 400.00  0.00 800.00 47.14  0
  4 2488 400.00  0.00 800.00 34.29  1
  5 2725 410.00  0.00 800.00 42.86  1
  6 2647 410.00  0.00 800.00 42.86  1
  7 2880 370.00  0.00 800.00 78.21  0
  8 2646 400.00  0.00 800.00 42.86  1
  9 2808 440.00  0.00 800.00 52.14  0
 10 2646 420.00  0.00 800.00 47.14  0
 11 2646 390.00  0.00 800.00 47.14  0
 12 2724 390.00  0.00 800.00 47.14  0
 13 2648 420.00  0.00 800.00 42.86  1
 14 2724 370.00  0.00 800.00 42.86  1
 15 2724 390.00  0.00 800.00 52.14  1
 16 2644 380.00  0.00 800.00 42.86  0
 17 3791 790.00  0.00 800.00 521.43  0
 18 2891 480.00  0.00 800.00 78.21  0
 19 2478 300.00  0.00 800.00 34.29  1
