Estimation of parameter k\n  trial     mean   stdev    lower90 upper90
      1  -4.7426  2.6551    -9.0134 -0.7333
      2  -6.9324  1.4348    -8.3660 -4.9292
      3  -5.6415  0.7378    -6.7644 -4.8125
      4  -5.1220  0.5040    -5.7616 -4.7676
      5  -5.3870  0.4321    -5.7851 -5.2761
      6  -5.5221  0.4131    -5.8582 -5.5311
      7  -5.5132  0.3024    -5.7832 -5.5322
      8  -5.5267  0.2199    -5.7829 -5.5412
      9  -5.5266  0.1612    -5.7807 -5.5416
     10  -5.4846  0.4809    -5.7833 -5.3739
     11  -5.5115  0.3604    -5.7826 -5.5352
     12  -5.2799  1.2047    -6.8002 -2.6431
     13  -5.3505  0.9027    -5.8983 -4.7547
     14  -5.4188  0.7948    -5.8539 -5.2355
     15  -5.4675  0.6379    -5.7925 -5.3161
     16  -5.4671  0.5410    -5.7858 -5.3210
     17  -5.4987  0.4278    -5.7852 -5.4203
     18  -5.3320  1.0413    -6.0699 -3.6109
     19  -5.3820  0.7717    -5.7967 -5.2674
     20  -5.4088  0.5667    -5.7874 -5.2815
     21  -5.4549  0.5070    -5.7899 -5.3027
     22  -5.4865  0.4192    -5.7905 -5.3375
     23  -5.5064  0.3306    -5.7903 -5.3884
Estimation of parameter e\n  trial     mean   stdev    lower90 upper90
      1   0.2543  0.1469     0.0167  0.4746
      2   0.2541  0.1469     0.0167  0.4745
      3   0.2530  0.1474     0.0152  0.4744
      4   0.2528  0.1474     0.0152  0.4744
      5   0.2536  0.1472     0.0157  0.4745
      6   0.2518  0.1477     0.0148  0.4742
      7   0.2699  0.1403     0.0335  0.4764
      8   0.2859  0.1332     0.0556  0.4782
      9   0.2985  0.1275     0.0755  0.4798
     10   0.1347  0.0891     0.0084  0.2978
     11   0.1471  0.0875     0.0205  0.3073
     12   0.0365  0.0294     0.0000  0.0833
     13   0.0401  0.0285     0.0000  0.0849
     14   0.0454  0.0303     0.0001  0.0939
     15   0.0507  0.0307     0.0001  0.0990
     16   0.0546  0.0313     0.0019  0.1029
     17   0.0598  0.0315     0.0047  0.1086
     18   0.0276  0.0182     0.0000  0.0512
     19   0.0296  0.0173     0.0001  0.0516
     20   0.0307  0.0166     0.0006  0.0518
     21   0.0325  0.0171     0.0010  0.0563
     22   0.0348  0.0176     0.0016  0.0600
     23   0.0370  0.0177     0.0024  0.0623
