  0  746 360.00  0.00 800.00  1.43  1
  1 2961 390.00  0.00 800.00 104.29  1
  2 3761 490.00  0.00 800.00 521.43  0
  3 3359 420.00  0.00 800.00 260.71  0
  4 3274 360.00  0.00 800.00 208.57  1
  5 3279 410.00  0.00 800.00 208.57  1
  6 3434 380.00  0.00 800.00 312.86  0
  7 3280 420.00  0.00 800.00 208.57  1
  8 3509 340.00  0.00 800.00 365.00  0
  9 3355 380.00  0.00 800.00 260.71  0
 10 3279 410.00  0.00 800.00 208.57  1
 11 3279 420.00  0.00 800.00 182.50  0
 12 2317 270.00  0.00 800.00 25.71  1
 13 3278 400.00  0.00 800.00 208.57  1
 14 3277 390.00  0.00 800.00 208.57  1
 15 3277 410.00  0.00 800.00 260.71  0
 16 3278 400.00  0.00 800.00 208.57  1
 17 3277 400.00  0.00 800.00 182.50  0
 18 2314 240.00  0.00 800.00 25.71  1
 19 2312 220.00  0.00 800.00 25.71  1
 20 3278 400.00  0.00 800.00 208.57  1
 21 3277 390.00  0.00 800.00 208.57  1
 22 3276 380.00  0.00 800.00 208.57  1
 23 3276 390.00  0.00 800.00 260.71  1
