Estimation of parameter k\n  trial     mean   stdev    lower90 upper90
      1  -4.7426  2.6551    -9.0134 -0.7333
      2  -2.4190  1.3630    -4.5632 -0.4965
      3  -1.2633  0.8505    -2.3142 -0.3727
      4  -0.7466  0.7182    -1.3036 -0.3174
      5  -1.0040  0.6469    -1.3218 -0.8132
      6  -1.1387  0.6222    -1.4539 -1.0656
      7  -1.0909  0.4545    -1.3159 -1.0655
      8  -1.0832  0.3371    -1.3150 -1.0733
      9  -1.0712  0.2433    -1.3124 -1.0734
     10  -1.0674  0.1788    -1.3121 -1.0744
     11  -1.0647  0.1303    -1.3117 -1.0745
     12  -1.0951  0.4014    -1.3178 -1.0743
     13  -1.0776  0.2900    -1.3136 -1.0742
     14  -1.0695  0.2113    -1.3121 -1.0743
     15  -1.1161  0.5358    -1.3183 -1.0737
     16  -1.0891  0.3874    -1.3145 -1.0738
     17  -1.0772  0.2851    -1.3136 -1.0743
     18  -1.0694  0.2069    -1.3122 -1.0744
     19  -1.0654  0.1499    -1.3117 -1.0744
     20  -1.0901  0.4058    -1.3139 -1.0729
     21  -1.0774  0.2981    -1.3130 -1.0738
     22  -1.0704  0.2189    -1.3125 -1.0743
     23  -1.0660  0.1588    -1.3118 -1.0743
Estimation of parameter e\n  trial     mean   stdev    lower90 upper90
      1   0.2543  0.1469     0.0167  0.4746
      2   0.2544  0.1469     0.0167  0.4746
      3   0.2543  0.1469     0.0165  0.4746
      4   0.2549  0.1467     0.0174  0.4747
      5   0.2536  0.1471     0.0162  0.4745
      6   0.2520  0.1476     0.0150  0.4743
      7   0.2699  0.1403     0.0337  0.4764
      8   0.2862  0.1332     0.0556  0.4783
      9   0.2979  0.1276     0.0754  0.4796
     10   0.3081  0.1228     0.0917  0.4808
     11   0.3165  0.1188     0.1050  0.4818
     12   0.1779  0.0967     0.0349  0.3562
     13   0.1854  0.0946     0.0482  0.3606
     14   0.1928  0.0935     0.0573  0.3664
     15   0.1123  0.0569     0.0202  0.2060
     16   0.1164  0.0554     0.0286  0.2084
     17   0.1198  0.0546     0.0354  0.2110
     18   0.1235  0.0538     0.0398  0.2141
     19   0.1268  0.0533     0.0438  0.2166
     20   0.0827  0.0356     0.0205  0.1371
     21   0.0848  0.0348     0.0239  0.1380
     22   0.0868  0.0343     0.0273  0.1396
     23   0.0888  0.0338     0.0311  0.1415
