  0  746 360.00  0.00 800.00  1.43  1
  1 2961 390.00  0.00 800.00 104.29  0
  2 1858 420.00  0.00 800.00  8.57  0
  3 1305 420.00  0.00 800.00  3.00  0
  4  988 410.00  0.00 800.00  1.86  1
  5 1147 420.00  0.00 800.00  2.29  1
  6 1457 360.00  0.00 800.00  4.00  0
  7 1148 430.00  0.00 800.00  2.29  1
  8 1456 350.00  0.00 800.00  4.00  0
  9 1072 460.00  0.00 800.00  2.00  1
 10   74 750.00  0.00 800.00  0.14  1
 11  842 530.00  0.00 800.00  1.57  1
 12 1457 360.00  0.00 800.00  4.00  0
 13 1380 380.00  0.00 800.00  3.50  0
 14 1228 440.00  0.00 800.00  2.57  1
 15 1382 400.00  0.00 800.00  3.50  0
 16 1070 440.00  0.00 800.00  2.00  1
 17 1381 390.00  0.00 800.00  3.50  0
 18 1305 420.00  0.00 800.00  3.00  0
 19 2530  30.00  0.00 800.00 38.57  0
 20 1145 400.00  0.00 800.00  2.29  1
 21 1069 430.00  0.00 800.00  2.00  1
 22 1306 430.00  0.00 800.00  3.00  0
 23 1458 370.00  0.00 800.00  4.00  0
