Estimation of parameter k\n  trial     mean   stdev    lower90 upper90
      1  -4.7426  2.6551    -9.0134 -0.7333
      2  -6.9324  1.4348    -8.3660 -4.9292
      3  -5.6415  0.7378    -6.7644 -4.8125
      4  -5.1220  0.5040    -5.7616 -4.7676
      5  -4.8592  0.4268    -5.2574 -4.7458
      6  -4.7206  0.4095    -5.0018 -4.6180
      7  -4.5001  0.9131    -5.1669 -3.3785
      8  -4.3368  0.9345    -4.9951 -3.0331
      9  -3.9573  1.3142    -6.4094 -1.6293
     10  -4.1649  1.0000    -5.2772 -3.1846
     11  -3.9627  1.2332    -6.6471 -2.2727
     12  -3.9232  0.9546    -4.8654 -3.0602
     13  -3.8976  0.7417    -4.6415 -3.2396
     14  -3.7117  0.8109    -4.4535 -2.9955
     15  -3.5246  0.9326    -4.4064 -2.6748
     16  -3.4863  0.7314    -4.1930 -2.7947
     17  -3.2891  0.8206    -4.0445 -2.4846
     18  -3.0719  0.9681    -3.9399 -2.0930
     19  -2.8331  1.1903    -5.1332 -1.6198
     20  -2.6146  1.5740    -6.7972 -1.1341
     21  -2.4196  1.2435    -4.8532 -1.2320
     22  -2.1536  1.4529    -5.8169 -0.9495
     23  -1.9801  1.1336    -3.3403 -0.9952
Estimation of parameter e\n  trial     mean   stdev    lower90 upper90
      1   0.2543  0.1469     0.0167  0.4746
      2   0.2541  0.1469     0.0167  0.4745
      3   0.2530  0.1474     0.0152  0.4744
      4   0.2528  0.1474     0.0152  0.4744
      5   0.2521  0.1476     0.0148  0.4743
      6   0.2506  0.1482     0.0133  0.4741
      7   0.0623  0.0563     0.0001  0.1647
      8   0.0512  0.0470     0.0001  0.1360
      9   0.0198  0.0147     0.0000  0.0405
     10   0.0227  0.0156     0.0000  0.0458
     11   0.0164  0.0101     0.0000  0.0284
     12   0.0180  0.0092     0.0000  0.0291
     13   0.0190  0.0084     0.0001  0.0295
     14   0.0176  0.0069     0.0001  0.0238
     15   0.0164  0.0061     0.0001  0.0170
     16   0.0171  0.0051     0.0001  0.0171
     17   0.0165  0.0047     0.0001  0.0167
     18   0.0159  0.0050     0.0001  0.0165
     19   0.0152  0.0057     0.0000  0.0164
     20   0.0137  0.0071     0.0000  0.0162
     21   0.0153  0.0056     0.0000  0.0164
     22   0.0146  0.0063     0.0000  0.0163
     23   0.0158  0.0048     0.0001  0.0164
