  0  746 360.00  0.00 800.00  1.43  1
  1 2961 390.00  0.00 800.00 104.29  1
  2 3761 490.00  0.00 800.00 521.43  0
  3 3359 420.00  0.00 800.00 260.71  0
  4 3274 360.00  0.00 800.00 208.57  0
  5 3041 400.00  0.00 800.00 130.36  0
  6 2962 400.00  0.00 800.00 104.29  0
  7 2961 390.00  0.00 800.00 104.29  0
  8 2880 370.00  0.00 800.00 78.21  0
  9 2564 370.00  0.00 800.00 38.57  1
 10 2803 390.00  0.00 800.00 52.14  0
 11 1758 210.00  0.00 800.00  7.00  1
 12 1362 200.00  0.00 800.00  3.50  1
 13 2646 400.00  0.00 800.00 42.86  0
 14 2487 390.00  0.00 800.00 34.29  0
 15 1046 200.00  0.00 800.00  2.00  1
 16 2407 380.00  0.00 800.00 30.00  0
 17 2250 390.00  0.00 800.00 21.43  0
 18 2169 370.00  0.00 800.00 17.14  0
 19 1932 370.00  0.00 800.00 10.71  0
 20 2981 590.00  0.00 800.00 104.29  0
 21 1777 400.00  0.00 800.00  7.00  0
 22 2827 630.00  0.00 800.00 52.14  0
 23 1697 390.00  0.00 800.00  6.00  0
