Estimation of parameter k\n  trial     mean   stdev    lower90 upper90
      1  -4.7426  2.6551    -9.0134 -0.7333
      2  -2.4190  1.3630    -4.5632 -0.4965
      3  -1.2633  0.8505    -2.3142 -0.3727
      4  -1.7772  0.6324    -2.3538 -1.3625
      5  -1.5130  0.5955    -1.8431 -1.3363
      6  -1.3775  0.5884    -1.5866 -1.3174
      7  -1.4896  1.3330    -4.4821 -0.8079
      8  -1.3776  1.4024    -4.7537 -0.6226
      9  -1.3237  1.1495    -2.5946 -0.8720
     10  -1.2077  0.9776    -1.5599 -0.8467
     11  -1.1864  0.8093    -1.5245 -1.0455
     12  -1.1234  0.6207    -1.3341 -1.0454
     13  -1.1311  0.5886    -1.4115 -1.0695
     14  -1.0992  0.4742    -1.3176 -1.0690
     15  -1.0846  0.3520    -1.3164 -1.0722
     16  -1.0722  0.2573    -1.3134 -1.0723
     17  -1.1156  0.6402    -1.3176 -0.9643
     18  -1.0938  0.4844    -1.3157 -1.0635
     19  -1.0789  0.3572    -1.3145 -1.0677
     20  -1.1568  0.8828    -1.3233 -0.8637
     21  -1.3909  1.5645    -5.6898 -0.8068
     22  -1.1726  1.1679    -2.5269 -0.8086
     23  -1.0525  0.8534    -1.3189 -0.8096
Estimation of parameter e\n  trial     mean   stdev    lower90 upper90
      1   0.2543  0.1469     0.0167  0.4746
      2   0.2544  0.1469     0.0167  0.4746
      3   0.2543  0.1469     0.0165  0.4746
      4   0.2537  0.1472     0.0157  0.4745
      5   0.2550  0.1469     0.0163  0.4747
      6   0.2544  0.1471     0.0155  0.4746
      7   0.0658  0.0597     0.0001  0.1745
      8   0.0480  0.0413     0.0000  0.1198
      9   0.0568  0.0430     0.0001  0.1308
     10   0.0628  0.0455     0.0001  0.1409
     11   0.0719  0.0471     0.0025  0.1519
     12   0.0781  0.0474     0.0061  0.1579
     13   0.0819  0.0488     0.0080  0.1650
     14   0.0896  0.0502     0.0128  0.1741
     15   0.0934  0.0495     0.0191  0.1774
     16   0.0971  0.0491     0.0228  0.1807
     17   0.0552  0.0288     0.0040  0.0991
     18   0.0585  0.0281     0.0073  0.1009
     19   0.0604  0.0275     0.0109  0.1017
     20   0.0353  0.0184     0.0007  0.0613
     21   0.0211  0.0126     0.0000  0.0341
     22   0.0226  0.0117     0.0001  0.0343
     23   0.0234  0.0111     0.0005  0.0344
