  0  746 360.00  0.00 800.00  1.43  1
  1 2961 390.00  0.00 800.00 104.29  0
  2 1858 420.00  0.00 800.00  8.57  0
  3 1305 420.00  0.00 800.00  3.00  1
  4 1621 420.00  0.00 800.00  5.00  0
  5 1539 390.00  0.00 800.00  4.50  0
  6 1458 370.00  0.00 800.00  4.00  0
  7 1305 420.00  0.00 800.00  3.00  0
  8 1145 400.00  0.00 800.00  2.29  1
  9 1381 390.00  0.00 800.00  3.50  0
 10 1145 400.00  0.00 800.00  2.57  1
 11 1382 400.00  0.00 800.00  3.50  0
 12 1145 420.00  0.00 800.00  2.57  1
 13 1382 410.00  0.00 800.00  3.00  0
 14 1222 380.00  0.00 800.00  2.57  1
 15 1306 430.00  0.00 800.00  3.00  0
 16 1223 390.00  0.00 800.00  2.57  0
 17 1144 390.00  0.00 800.00  2.29  1
 18 1144 400.00  0.00 800.00  2.00  1
 19 1221 370.00  0.00 800.00  2.57  0
 20 1219 350.00  0.00 800.00  2.57  0
 21 2270 590.00  0.00 800.00 21.43  0
 22 2272 610.00  0.00 800.00 21.43  0
 23   19 200.00  0.00 800.00  0.14  1
