Estimation of parameter k\n  trial     mean   stdev    lower90 upper90
      1  -4.7426  2.6551    -9.0134 -0.7333
      2  -2.4190  1.3630    -4.5632 -0.4965
      3  -3.4473  0.7884    -4.6532 -2.4742
      4  -2.8054  0.5538    -3.4015 -2.4103
      5  -2.5415  0.5044    -2.8929 -2.3853
      6  -2.6790  0.4763    -2.9294 -2.6412
      7  -3.0084  1.1461    -5.6205 -2.5162
      8  -3.1621  1.1947    -6.1192 -2.6445
      9  -3.6394  1.7282    -8.0569 -1.5447
     10  -3.4301  1.3684    -7.0798 -2.4410
     11  -3.2945  1.0452    -5.1737 -2.7372
     12  -3.2202  0.7957    -3.9869 -2.8171
     13  -3.4880  1.0320    -5.2798 -2.9204
     14  -3.4217  0.7902    -4.2157 -2.9570
     15  -3.6345  0.9218    -4.7146 -3.1151
     16  -3.5863  0.7095    -4.3846 -3.1744
     17  -3.7741  0.7908    -4.6441 -3.2723
     18  -3.9546  0.8641    -4.9298 -3.4487
     19  -3.9202  0.6686    -4.7009 -3.4753
     20  -4.0884  0.7138    -4.9065 -3.6522
     21  -4.2491  0.7562    -5.0891 -3.7658
     22  -4.2293  0.5905    -4.9716 -3.7990
     23  -4.3842  0.6210    -5.1575 -3.9798
Estimation of parameter e\n  trial     mean   stdev    lower90 upper90
      1   0.2543  0.1469     0.0167  0.4746
      2   0.2544  0.1469     0.0167  0.4746
      3   0.2545  0.1468     0.0169  0.4746
      4   0.2537  0.1472     0.0156  0.4745
      5   0.2546  0.1471     0.0155  0.4747
      6   0.2557  0.1466     0.0172  0.4748
      7   0.0599  0.0533     0.0000  0.1545
      8   0.0473  0.0414     0.0000  0.1188
      9   0.0183  0.0176     0.0000  0.0447
     10   0.0218  0.0171     0.0000  0.0470
     11   0.0241  0.0164     0.0000  0.0482
     12   0.0255  0.0158     0.0001  0.0488
     13   0.0182  0.0097     0.0000  0.0302
     14   0.0193  0.0090     0.0001  0.0306
     15   0.0169  0.0069     0.0001  0.0205
     16   0.0177  0.0060     0.0001  0.0211
     17   0.0167  0.0052     0.0001  0.0169
     18   0.0161  0.0051     0.0001  0.0166
     19   0.0168  0.0040     0.0002  0.0166
     20   0.0165  0.0041     0.0001  0.0165
     21   0.0163  0.0043     0.0001  0.0165
     22   0.0168  0.0032     0.0004  0.0165
     23   0.0167  0.0034     0.0003  0.0165
