  0  746 360.00  0.00 800.00  1.43  1
  1 2961 390.00  0.00 800.00 104.29  0
  2 1858 420.00  0.00 800.00  8.57  1
  3 2331 410.00  0.00 800.00 25.71  0
  4 2094 410.00  0.00 800.00 15.00  0
  5 2013 390.00  0.00 800.00 12.86  1
  6 2170 380.00  0.00 800.00 17.14  1
  7 2171 390.00  0.00 800.00 17.14  1
  8 2253 420.00  0.00 800.00 21.43  1
  9 3294 560.00  0.00 800.00 208.57  0
 10 3296 580.00  0.00 800.00 208.57  0
 11  577 250.00  0.00 800.00  1.14  1
 12 2333 430.00  0.00 800.00 25.71  1
 13  811 220.00  0.00 800.00  1.57  1
 14 2412 430.00  0.00 800.00 30.00  1
 15  889 210.00  0.00 800.00  1.71  1
 16 2568 410.00  0.00 800.00 38.57  1
 17 2648 420.00  0.00 800.00 42.86  1
 18 1204 200.00  0.00 800.00  2.57  1
 19 2805 410.00  0.00 800.00 52.14  1
 20 2808 440.00  0.00 800.00 52.14  1
 21 1361 190.00  0.00 800.00  3.50  1
 22 2882 390.00  0.00 800.00 78.21  1
 23 2885 420.00  0.00 800.00 78.21  1
