Estimation of parameter k\n  trial     mean   stdev    lower90 upper90
      1  -4.7426  2.6551    -9.0134 -0.7333
      2  -6.9324  1.4348    -8.3660 -4.9292
      3  -7.9737  0.9228    -4.6526 -6.9364
      4  -8.6043  0.7050    -2.3648 -8.1654
      5  -8.8833  0.6238    -1.3481 -8.6377
      6  -8.6179  0.7375    -8.6243 -8.4260
      7  -8.1878  1.3510    -9.2034 -5.8091
      8  -8.3592  1.0748    -9.0875 -7.9399
      9  -8.2957  0.9871    -9.0507 -7.9673
     10  -7.9284  1.4715    -9.0131 -4.4945
     11  -8.1158  1.1019    -9.0136 -7.5402
     12  -8.2333  0.8614    -9.0206 -7.9438
     13  -8.2472  0.6855    -8.8944 -7.9892
     14  -8.1649  0.6734    -8.7314 -7.9326
     15  -8.2176  0.5199    -8.7310 -8.0461
     16  -8.2194  0.4067    -8.6732 -8.0665
     17  -8.2058  0.3307    -8.6541 -8.0676
     18  -8.2058  0.2652    -8.6459 -8.0800
     19  -8.1660  0.2326    -8.5960 -8.0374
     20  -8.1837  0.1863    -8.6035 -8.1604
     21  -8.1614  0.1555    -8.5052 -8.1524
     22  -8.1727  0.1283    -8.5262 -8.1664
     23  -8.1649  0.1034    -8.4252 -8.1663
Estimation of parameter e\n  trial     mean   stdev    lower90 upper90
      1   0.2543  0.1469     0.0167  0.4746
      2   0.2541  0.1469     0.0167  0.4745
      3   0.2549  0.1465     0.0180  0.4746
      4   0.2554  0.1458     0.0197  0.4746
      5   0.2633  0.1442     0.0248  0.4761
      6   0.2414  0.1528     0.0116  0.4747
      7   0.0892  0.0835     0.0001  0.2523
      8   0.1030  0.0864     0.0001  0.2695
      9   0.1136  0.0910     0.0012  0.2878
     10   0.0557  0.0464     0.0000  0.1367
     11   0.0589  0.0457     0.0001  0.1386
     12   0.0654  0.0463     0.0018  0.1460
     13   0.0717  0.0469     0.0040  0.1520
     14   0.0700  0.0447     0.0039  0.1459
     15   0.0755  0.0446     0.0069  0.1505
     16   0.0796  0.0443     0.0103  0.1534
     17   0.0844  0.0448     0.0144  0.1590
     18   0.0871  0.0445     0.0182  0.1614
     19   0.0895  0.0454     0.0190  0.1656
     20   0.0947  0.0452     0.0234  0.1699
     21   0.0996  0.0468     0.0256  0.1780
     22   0.1054  0.0473     0.0317  0.1845
     23   0.1096  0.0475     0.0357  0.1884
