  0  746 360.00  0.00 800.00  1.43  1
  1 2961 390.00  0.00 800.00 104.29  1
  2 3761 490.00  0.00 800.00 521.43  1
  3 3780 680.00  0.00 800.00 521.43  1
  4 3785 730.00  0.00 800.00 521.43  1
  5 3786 740.00  0.00 800.00 521.43  0
  6 3784 720.00  0.00 800.00 521.43  0
  7 3781 690.00  0.00 800.00 521.43  1
  8 3785 730.00  0.00 800.00 521.43  0
  9 3782 700.00  0.00 800.00 521.43  0
 10 3580 260.00  0.00 800.00 417.14  1
 11 3778 660.00  0.00 800.00 521.43  1
 12 3787 750.00  0.00 800.00 521.43  0
 13 3783 710.00  0.00 800.00 521.43  0
 14 3778 660.00  0.00 800.00 521.43  1
 15 3783 750.00  0.00 800.00 521.43  0
 16 3783 730.00  0.00 800.00 521.43  0
 17 3783 750.00  0.00 800.00 521.43  0
 18 3783 710.00  0.00 800.00 521.43  0
 19 3779 670.00  0.00 800.00 521.43  1
 20 3783 710.00  0.00 800.00 521.43  0
 21 3779 680.00  0.00 800.00 521.43  1
 22 3784 720.00  0.00 800.00 521.43  0
 23 3784 740.00  0.00 800.00 521.43  0
