Estimation of parameter k\n  trial     mean   stdev    lower90 upper90
      1  -4.7426  2.6551    -9.0134 -0.7333
      2  -6.9324  1.4348    -8.3660 -4.9292
      3  -5.6415  0.7378    -6.7644 -4.8125
      4  -6.1624  0.5417    -6.8143 -5.8206
      5  -6.4261  0.4895    -6.8386 -6.3265
      6  -6.2841  0.4534    -6.5799 -6.2655
      7  -6.3112  0.3326    -6.5795 -6.3284
      8  -6.3086  0.2442    -6.5704 -6.3290
      9  -6.3116  0.1808    -6.5690 -6.3295
     10  -6.2482  0.5044    -6.5699 -6.1213
     11  -6.0052  0.9270    -6.5679 -5.3395
     12  -6.0981  0.8588    -6.5721 -5.8175
     13  -5.9364  1.0120    -6.5629 -4.3996
     14  -6.0149  0.7454    -6.5471 -5.8293
     15  -6.0575  0.8923    -6.5719 -5.7147
     16  -5.9589  0.9489    -6.5587 -5.0169
     17  -6.0271  0.6969    -6.5442 -5.8622
     18  -6.0145  0.5966    -6.5006 -5.8755
     19  -6.0484  0.4537    -6.4977 -5.9852
     20  -6.0700  0.7016    -6.5591 -5.9359
     21  -6.1065  0.5139    -6.5542 -6.0460
     22  -6.0633  0.4829    -6.5276 -5.9767
     23  -6.0515  0.4027    -6.4907 -5.9707
Estimation of parameter e\n  trial     mean   stdev    lower90 upper90
      1   0.2543  0.1469     0.0167  0.4746
      2   0.2541  0.1469     0.0167  0.4745
      3   0.2530  0.1474     0.0152  0.4744
      4   0.2533  0.1474     0.0152  0.4745
      5   0.2524  0.1477     0.0145  0.4744
      6   0.2533  0.1470     0.0170  0.4744
      7   0.2702  0.1402     0.0337  0.4765
      8   0.2867  0.1328     0.0569  0.4783
      9   0.2983  0.1277     0.0744  0.4797
     10   0.1397  0.0934     0.0090  0.3122
     11   0.0489  0.0358     0.0001  0.1088
     12   0.0563  0.0391     0.0001  0.1207
     13   0.0393  0.0265     0.0000  0.0800
     14   0.0414  0.0255     0.0001  0.0809
     15   0.0379  0.0244     0.0001  0.0753
     16   0.0326  0.0205     0.0001  0.0626
     17   0.0342  0.0197     0.0001  0.0632
     18   0.0360  0.0199     0.0009  0.0651
     19   0.0383  0.0197     0.0020  0.0664
     20   0.0296  0.0161     0.0001  0.0505
     21   0.0304  0.0156     0.0011  0.0507
     22   0.0300  0.0148     0.0012  0.0494
     23   0.0314  0.0149     0.0016  0.0503
