  0  746 360.00  0.00 800.00  1.43  1
  1 2961 390.00  0.00 800.00 104.29  1
  2 3761 490.00  0.00 800.00 521.43  0
  3 3359 420.00  0.00 800.00 260.71  1
  4 3597 430.00  0.00 800.00 417.14  1
  5 3756 440.00  0.00 800.00 521.43  0
  6 3751 390.00  0.00 800.00 521.43  1
  7 3755 430.00  0.00 800.00 521.43  0
  8 3601 470.00  0.00 800.00 417.14  0
  9 3752 400.00  0.00 800.00 521.43  0
 10 3597 430.00  0.00 800.00 417.14  0
 11 3597 440.00  0.00 800.00 365.00  1
 12 3673 400.00  0.00 800.00 469.29  0
 13 2790 260.00  0.00 800.00 52.14  1
 14 3751 390.00  0.00 800.00 521.43  1
 15 3673 400.00  0.00 800.00 469.29  0
 16 2788 240.00  0.00 800.00 52.14  1
 17 3675 420.00  0.00 800.00 469.29  0
 18 3587 330.00  0.00 800.00 417.14  1
 19 3676 430.00  0.00 800.00 469.29  1
 20 2783 190.00  0.00 800.00 52.14  1
 21 3674 410.00  0.00 800.00 469.29  0
 22 3676 430.00  0.00 800.00 469.29  0
 23 3510 350.00  0.00 800.00 365.00  1
