Estimation of parameter k\n  trial     mean   stdev    lower90 upper90
      1  -4.7426  2.6551    -9.0134 -0.7333
      2  -6.9324  1.4348    -8.3660 -4.9292
      3  -7.9737  0.9228    -4.6526 -6.9364
      4  -8.6043  0.7050    -2.3648 -8.1654
      5  -8.8833  0.6238    -1.3481 -8.6377
      6  -9.0033  0.5223    -0.9757 -8.7795
      7  -9.1077  0.5372    -0.5749 -8.9774
      8  -9.1543  0.4131    -0.5157 -9.0508
      9  -8.7278  1.5364    -0.6283 -5.2896
     10  -8.9285  1.1308    -0.5984 -8.5120
     11  -9.0385  0.8542    -0.5624 -8.9102
     12  -8.4637  1.7975    -0.9028 -3.7216
     13  -8.7415  1.3534    -0.8410 -6.6152
     14  -8.8958  0.9954    -0.8100 -8.5197
     15  -8.9771  0.7284    -0.7944 -8.6893
     16  -9.0285  0.5615    -0.7557 -8.7444
     17  -8.9013  0.8165    -0.9789 -8.5359
     18  -8.9606  0.6377    -0.9317 -8.6653
     19  -8.9995  0.4991    -0.8955 -8.7107
     20  -8.9148  0.6581    -1.0971 -8.5653
     21  -8.9539  0.5184    -1.0591 -8.6451
     22  -8.9807  0.4179    -1.0241 -8.6953
     23  -9.0009  0.3465    -0.9897 -8.7143
Estimation of parameter e\n  trial     mean   stdev    lower90 upper90
      1   0.2543  0.1469     0.0167  0.4746
      2   0.2541  0.1469     0.0167  0.4745
      3   0.2549  0.1465     0.0180  0.4746
      4   0.2554  0.1458     0.0197  0.4746
      5   0.2633  0.1442     0.0248  0.4761
      6   0.2733  0.1390     0.0369  0.4767
      7   0.2739  0.1398     0.0363  0.4773
      8   0.2961  0.1335     0.0566  0.4807
      9   0.0823  0.0678     0.0001  0.2043
     10   0.0866  0.0668     0.0001  0.2069
     11   0.0953  0.0668     0.0043  0.2153
     12   0.0338  0.0263     0.0000  0.0758
     13   0.0365  0.0254     0.0001  0.0775
     14   0.0380  0.0248     0.0005  0.0783
     15   0.0388  0.0245     0.0015  0.0787
     16   0.0416  0.0249     0.0023  0.0815
     17   0.0292  0.0165     0.0009  0.0517
     18   0.0311  0.0168     0.0014  0.0551
     19   0.0329  0.0171     0.0019  0.0578
     20   0.0270  0.0136     0.0012  0.0465
     21   0.0283  0.0138     0.0015  0.0477
     22   0.0297  0.0141     0.0018  0.0489
     23   0.0312  0.0144     0.0021  0.0499
