  0  746 360.00  0.00 800.00  1.43  1
  1 2961 390.00  0.00 800.00 104.29  1
  2 3761 490.00  0.00 800.00 521.43  1
  3 3780 680.00  0.00 800.00 521.43  1
  4 3785 730.00  0.00 800.00 521.43  1
  5 3786 740.00  0.00 800.00 521.43  1
  6 3709 760.00  0.00 800.00 469.29  1
  7 3787 750.00  0.00 800.00 521.43  1
  8 3787 780.00  0.00 800.00 521.43  1
  9 3746 340.00  0.00 800.00 521.43  1
 10 3784 720.00  0.00 800.00 521.43  1
 11 3784 720.00  0.00 800.00 521.43  0
 12 3741 290.00  0.00 800.00 521.43  1
 13 3738 260.00  0.00 800.00 521.43  1
 14 3735 230.00  0.00 800.00 521.43  1
 15 3781 690.00  0.00 800.00 521.43  1
 16 3781 720.00  0.00 800.00 521.43  0
 17 3780 680.00  0.00 800.00 521.43  1
 18 3780 680.00  0.00 800.00 521.43  1
 19 3780 720.00  0.00 800.00 521.43  0
 20 3779 670.00  0.00 800.00 521.43  1
 21 3779 680.00  0.00 800.00 521.43  1
 22 3779 690.00  0.00 800.00 521.43  1
 23 3779 670.00  0.00 800.00 521.43  1
