Estimation of parameter k\n  trial     mean   stdev    lower90 upper90
      1  -4.7426  2.6551    -9.0134 -0.7333
      2  -6.9324  1.4348    -8.3660 -4.9292
      3  -5.6415  0.7378    -6.7644 -4.8125
      4  -5.1220  0.5040    -5.7616 -4.7676
      5  -4.8592  0.4268    -5.2574 -4.7458
      6  -4.7206  0.4095    -5.0018 -4.6180
      7  -4.5001  0.9131    -5.1669 -3.3785
      8  -4.3368  0.9345    -4.9951 -3.0331
      9  -4.4747  0.7014    -4.9760 -4.1119
     10  -4.5075  0.5447    -4.9623 -4.3525
     11  -4.4759  0.4363    -4.8383 -4.3617
     12  -4.4813  0.3197    -4.8171 -4.4444
     13  -4.4781  0.2372    -4.7632 -4.4635
     14  -4.4424  0.3212    -4.7338 -4.2778
     15  -4.4651  0.2467    -4.7341 -4.3879
     16  -4.4699  0.1831    -4.7338 -4.4524
     17  -4.4730  0.1379    -4.7335 -4.4807
     18  -4.3876  0.5593    -4.7841 -4.2248
     19  -4.3232  0.6129    -4.7335 -4.1457
     20  -4.3203  0.4554    -4.7265 -4.2138
     21  -4.2773  0.4151    -4.7071 -4.1504
     22  -4.2482  0.3529    -4.6801 -4.1253
     23  -4.2296  0.2879    -4.6436 -4.1146
Estimation of parameter e\n  trial     mean   stdev    lower90 upper90
      1   0.2543  0.1469     0.0167  0.4746
      2   0.2541  0.1469     0.0167  0.4745
      3   0.2530  0.1474     0.0152  0.4744
      4   0.2528  0.1474     0.0152  0.4744
      5   0.2521  0.1476     0.0148  0.4743
      6   0.2506  0.1482     0.0133  0.4741
      7   0.0623  0.0563     0.0001  0.1647
      8   0.0512  0.0470     0.0001  0.1360
      9   0.0627  0.0494     0.0001  0.1498
     10   0.0705  0.0500     0.0017  0.1575
     11   0.0782  0.0519     0.0044  0.1682
     12   0.0806  0.0513     0.0075  0.1696
     13   0.0825  0.0509     0.0101  0.1708
     14   0.0617  0.0371     0.0048  0.1232
     15   0.0672  0.0373     0.0080  0.1291
     16   0.0689  0.0369     0.0107  0.1302
     17   0.0703  0.0365     0.0136  0.1311
     18   0.0274  0.0140     0.0005  0.0465
     19   0.0257  0.0132     0.0002  0.0433
     20   0.0263  0.0127     0.0009  0.0435
     21   0.0273  0.0131     0.0011  0.0454
     22   0.0287  0.0136     0.0014  0.0473
     23   0.0302  0.0139     0.0018  0.0487
