  0  746 360.00  0.00 800.00  1.43  1
  1 2961 390.00  0.00 800.00 104.29  1
  2 3761 490.00  0.00 800.00 521.43  0
  3 3359 420.00  0.00 800.00 260.71  0
  4 3274 360.00  0.00 800.00 208.57  0
  5 3041 400.00  0.00 800.00 130.36  0
  6 2962 400.00  0.00 800.00 104.29  0
  7 2961 390.00  0.00 800.00 104.29  0
  8 2880 370.00  0.00 800.00 78.21  1
  9 2881 380.00  0.00 800.00 78.21  1
 10 2962 400.00  0.00 800.00 104.29  0
 11 2881 390.00  0.00 800.00 52.14  1
 12 2962 420.00  0.00 800.00 130.36  0
 13 2962 410.00  0.00 800.00 78.21  0
 14 2881 380.00  0.00 800.00 78.21  1
 15 2881 410.00  0.00 800.00 52.14  1
 16 2881 410.00  0.00 800.00 52.14  1
 17 2881 410.00  0.00 800.00 52.14  0
 18 2882 390.00  0.00 800.00 78.21  0
 19 1679 210.00  0.00 800.00  6.00  1
 20 2884 410.00  0.00 800.00 78.21  0
 21 2885 420.00  0.00 800.00 78.21  0
 22 2886 430.00  0.00 800.00 78.21  0
 23 2801 370.00  0.00 800.00 52.14  1
