Estimation of parameter k\n  trial     mean   stdev    lower90 upper90
      1  -4.7426  2.6551    -9.0134 -0.7333
      2  -6.9324  1.4348    -8.3660 -4.9292
      3  -7.9737  0.9228    -4.6526 -6.9364
      4  -7.3372  0.6347    -8.1296 -6.8814
      5  -6.9315  0.5407    -7.3633 -6.8482
      6  -7.0740  0.5335    -7.4698 -7.1075
      7  -7.0833  0.3883    -7.3680 -7.1094
      8  -7.0880  0.2850    -7.3616 -7.1104
      9  -7.1032  0.2055    -7.3617 -7.1185
     10  -7.1023  0.1524    -7.3579 -7.1186
     11  -7.1057  0.1105    -7.3579 -7.1201
     12  -7.1064  0.0796    -7.3576 -7.1202
     13  -7.1067  0.0576    -7.3573 -7.1202
     14  -7.1072  0.0414    -7.3573 -7.1205
     15  -7.1051  0.1208    -7.3580 -7.1199
     16  -7.1057  0.0910    -7.3574 -7.1200
     17  -7.1028  0.1347    -7.3573 -7.1189
     18  -7.0727  0.3409    -7.3574 -7.0703
     19  -6.9106  0.7494    -7.3546 -6.7427
     20  -6.9864  0.6165    -7.3568 -6.8722
     21  -7.0386  0.4818    -7.3576 -6.9356
     22  -7.0707  0.3741    -7.3581 -7.0821
     23  -7.0881  0.2730    -7.3581 -7.1127
Estimation of parameter e\n  trial     mean   stdev    lower90 upper90
      1   0.2543  0.1469     0.0167  0.4746
      2   0.2541  0.1469     0.0167  0.4745
      3   0.2549  0.1465     0.0180  0.4746
      4   0.2544  0.1472     0.0164  0.4747
      5   0.2534  0.1477     0.0142  0.4745
      6   0.2553  0.1475     0.0147  0.4749
      7   0.2648  0.1427     0.0281  0.4759
      8   0.2735  0.1386     0.0403  0.4768
      9   0.2878  0.1321     0.0597  0.4785
     10   0.3015  0.1264     0.0785  0.4802
     11   0.3132  0.1213     0.0959  0.4816
     12   0.3142  0.1204     0.0991  0.4817
     13   0.3171  0.1184     0.1060  0.4819
     14   0.3255  0.1147     0.1181  0.4830
     15   0.2067  0.1003     0.0597  0.3931
     16   0.2153  0.0997     0.0687  0.3995
     17   0.1765  0.0840     0.0533  0.3269
     18   0.1039  0.0526     0.0191  0.1902
     19   0.0520  0.0321     0.0011  0.1032
     20   0.0592  0.0328     0.0035  0.1112
     21   0.0651  0.0325     0.0076  0.1156
     22   0.0702  0.0321     0.0139  0.1190
     23   0.0729  0.0313     0.0188  0.1202
