  0  746 360.00  0.00 800.00  1.43  1
  1 2961 390.00  0.00 800.00 104.29  1
  2 3761 490.00  0.00 800.00 521.43  1
  3 3780 680.00  0.00 800.00 521.43  0
  4 3770 580.00  0.00 800.00 521.43  0
  5 3766 540.00  0.00 800.00 521.43  1
  6 3770 620.00  0.00 800.00 521.43  0
  7 3770 600.00  0.00 800.00 521.43  0
  8 3689 560.00  0.00 800.00 469.29  1
  9 3692 590.00  0.00 800.00 469.29  0
 10 3767 550.00  0.00 800.00 521.43  1
 11 3692 610.00  0.00 800.00 521.43  0
 12 3692 620.00  0.00 800.00 417.14  0
 13 3767 550.00  0.00 800.00 521.43  1
 14 2131 780.00  0.00 800.00 15.00  0
 15 3615 610.00  0.00 800.00 417.14  0
 16 3615 610.00  0.00 800.00 365.00  0
 17 3689 560.00  0.00 800.00 469.29  0
 18 3765 530.00  0.00 800.00 521.43  0
 19 3764 520.00  0.00 800.00 521.43  1
 20 3764 520.00  0.00 800.00 521.43  1
 21 3764 530.00  0.00 800.00 521.43  1
 22 3763 510.00  0.00 800.00 521.43  1
 23 3764 520.00  0.00 800.00 521.43  1
