trialNum matrixIndex leftValue leftTime rightValue rightTime choice
trialNum matrixIndex leftValue leftTime rightValue rightTime choice
  0  959 120.00  0.00 800.00  1.86  1
  1 2961 390.00  0.00 800.00 104.29  1
  2 3766 540.00  0.00 800.00 521.43  0
  3 3359 420.00  0.00 800.00 260.71  0
  4 3122 420.00  0.00 800.00 156.43  0
  5 3041 400.00  0.00 800.00 130.36  0
  6 2887 440.00  0.00 800.00 78.21  1
  7 3117 370.00  0.00 800.00 156.43  1
  8 3041 400.00  0.00 800.00 130.36  0
  9 3042 410.00  0.00 800.00 130.36  0
 10 2884 410.00  0.00 800.00 78.21  0
 11 2722 370.00  0.00 800.00 47.14  1
 12 2799 350.00  0.00 800.00 52.14  1
 13 2878 350.00  0.00 800.00 78.21  1
 14 2881 380.00  0.00 800.00 78.21  1
 15 2958 360.00  0.00 800.00 104.29  1
 16 3047 460.00  0.00 800.00 130.36  0
 17 2958 380.00  0.00 800.00 78.21  1
 18 2959 370.00  0.00 800.00 104.29  1
 19 3045 440.00  0.00 800.00 130.36  0
