Estimation of parameter k\n  trial     mean   stdev    lower90 upper90
      1  -4.7426  2.6551    -9.0134 -0.7333
      2  -2.4190  1.3630    -4.5632 -0.4965
      3  -3.4473  0.7884    -4.6532 -2.4742
      4  -3.9643  0.5255    -4.6984 -3.4735
      5  -4.2237  0.4022    -4.7207 -3.9753
      6  -4.3605  0.3292    -4.7319 -4.2329
      7  -4.4961  0.3095    -4.7809 -4.4841
      8  -4.7482  0.8142    -5.9383 -4.4586
      9  -4.5663  0.7336    -5.2164 -4.3399
     10  -4.5385  0.5505    -4.9911 -4.4192
     11  -4.5197  0.4140    -4.9565 -4.4609
     12  -4.4587  0.6766    -4.9370 -4.2238
     13  -4.3686  1.0775    -6.3297 -3.1412
     14  -4.3516  0.8093    -4.9436 -3.9807
     15  -4.3406  0.6044    -4.8161 -4.0358
     16  -4.2646  0.6195    -4.7279 -3.9851
     17  -4.2567  0.4656    -4.7165 -4.0034
     18  -4.1634  0.7085    -4.7026 -3.8020
     19  -4.1504  0.5328    -4.6673 -3.8579
     20  -4.1989  0.4803    -4.6855 -3.9737
     21  -4.1931  0.3681    -4.6744 -3.9794
     22  -4.2818  0.4961    -4.7261 -4.0285
     23  -4.2757  0.3785    -4.7200 -4.0402
Estimation of parameter e\n  trial     mean   stdev    lower90 upper90
      1   0.2543  0.1469     0.0167  0.4746
      2   0.2544  0.1469     0.0167  0.4746
      3   0.2545  0.1468     0.0169  0.4746
      4   0.2552  0.1465     0.0179  0.4747
      5   0.2559  0.1460     0.0197  0.4747
      6   0.2602  0.1445     0.0230  0.4753
      7   0.2589  0.1454     0.0197  0.4752
      8   0.0538  0.0460     0.0001  0.1359
      9   0.0635  0.0508     0.0001  0.1531
     10   0.0688  0.0505     0.0014  0.1575
     11   0.0734  0.0504     0.0042  0.1619
     12   0.0438  0.0302     0.0001  0.0939
     13   0.0237  0.0165     0.0000  0.0471
     14   0.0256  0.0156     0.0001  0.0478
     15   0.0267  0.0150     0.0003  0.0482
     16   0.0253  0.0140     0.0002  0.0456
     17   0.0259  0.0137     0.0008  0.0459
     18   0.0191  0.0086     0.0001  0.0299
     19   0.0197  0.0080     0.0005  0.0301
     20   0.0206  0.0087     0.0006  0.0316
     21   0.0208  0.0084     0.0009  0.0317
     22   0.0186  0.0064     0.0005  0.0264
     23   0.0189  0.0060     0.0008  0.0265
