  0  746 360.00  0.00 800.00  1.43  1
  1 2961 390.00  0.00 800.00 104.29  0
  2 1858 420.00  0.00 800.00  8.57  1
  3 2331 410.00  0.00 800.00 25.71  1
  4 2647 410.00  0.00 800.00 42.86  1
  5 2807 430.00  0.00 800.00 52.14  1
  6 2883 400.00  0.00 800.00 78.21  1
  7 2961 390.00  0.00 800.00 104.29  1
  8 2962 400.00  0.00 800.00 104.29  0
  9 2962 430.00  0.00 800.00 130.36  0
 10 2962 410.00  0.00 800.00 130.36  0
 11 2962 400.00  0.00 800.00 78.21  0
 12 2880 370.00  0.00 800.00 78.21  0
 13 1761 240.00  0.00 800.00  7.00  1
 14 1680 220.00  0.00 800.00  6.00  1
 15 2882 390.00  0.00 800.00 78.21  0
 16 1442 210.00  0.00 800.00  4.00  1
 17 2803 390.00  0.00 800.00 52.14  0
 18 1519 190.00  0.00 800.00  4.50  1
 19 2803 430.00  0.00 800.00 47.14  1
 20 1516 160.00  0.00 800.00  4.50  1
 21 2803 430.00  0.00 800.00 78.21  1
 22 1516 180.00  0.00 800.00  4.00  1
 23 2885 420.00  0.00 800.00 78.21  1
