Estimation of parameter k\n  trial     mean   stdev    lower90 upper90
      1  -4.7426  2.6551    -9.0134 -0.7333
      2  -2.4190  1.3630    -4.5632 -0.4965
      3  -1.2633  0.8505    -2.3142 -0.3727
      4  -0.7466  0.7182    -1.3036 -0.3174
      5  -1.0040  0.6469    -1.3218 -0.8132
      6  -1.1387  0.6222    -1.4539 -1.0656
      7  -1.0909  0.4545    -1.3159 -1.0655
      8  -1.1789  1.1215    -1.9355 -0.8076
      9  -1.1118  1.2598    -3.2643 -0.6789
     10  -0.9720  0.9427    -1.3048 -0.6813
     11  -0.8859  0.7697    -1.1760 -0.6567
     12  -0.8592  0.5866    -1.1315 -0.8011
     13  -0.8248  0.4421    -1.0548 -0.8010
     14  -0.8172  0.3308    -1.0541 -0.8073
     15  -0.8651  0.5392    -1.1936 -0.8086
     16  -0.8320  0.4100    -1.0585 -0.8082
     17  -0.8158  0.2945    -1.0554 -0.8084
     18  -0.8058  0.2165    -1.0516 -0.8084
     19  -0.8005  0.1665    -1.0494 -0.8084
     20  -0.8005  0.1237    -1.0494 -0.8103
     21  -0.7988  0.0916    -1.0487 -0.8103
     22  -0.7991  0.0681    -1.0487 -0.8112
     23  -0.8035  0.1459    -1.0508 -0.8109
Estimation of parameter e\n  trial     mean   stdev    lower90 upper90
      1   0.2543  0.1469     0.0167  0.4746
      2   0.2544  0.1469     0.0167  0.4746
      3   0.2543  0.1469     0.0165  0.4746
      4   0.2549  0.1467     0.0174  0.4747
      5   0.2536  0.1471     0.0162  0.4745
      6   0.2520  0.1476     0.0150  0.4743
      7   0.2699  0.1403     0.0337  0.4764
      8   0.0841  0.0656     0.0001  0.2020
      9   0.0635  0.0478     0.0001  0.1458
     10   0.0682  0.0473     0.0011  0.1494
     11   0.0746  0.0493     0.0035  0.1592
     12   0.0807  0.0489     0.0081  0.1646
     13   0.0859  0.0491     0.0126  0.1695
     14   0.0904  0.0486     0.0190  0.1727
     15   0.0651  0.0334     0.0086  0.1181
     16   0.0690  0.0333     0.0134  0.1210
     17   0.0704  0.0329     0.0175  0.1221
     18   0.0728  0.0327     0.0192  0.1247
     19   0.0761  0.0331     0.0209  0.1291
     20   0.0784  0.0328     0.0233  0.1310
     21   0.0806  0.0327     0.0254  0.1330
     22   0.0827  0.0326     0.0282  0.1347
     23   0.0631  0.0237     0.0198  0.0984
