  0  746 360.00  0.00 800.00  1.43  1
  1 2961 390.00  0.00 800.00 104.29  0
  2 1858 420.00  0.00 800.00  8.57  0
  3 1305 420.00  0.00 800.00  3.00  0
  4  988 410.00  0.00 800.00  1.86  1
  5 1147 420.00  0.00 800.00  2.29  1
  6 1457 360.00  0.00 800.00  4.00  0
  7 1148 430.00  0.00 800.00  2.29  0
  8 1147 420.00  0.00 800.00  2.29  0
  9 1148 460.00  0.00 800.00  2.57  0
 10 1224 400.00  0.00 800.00  2.57  0
 11  986 390.00  0.00 800.00  1.86  1
 12 1148 430.00  0.00 800.00  2.29  0
 13 1064 380.00  0.00 800.00  2.00  1
 14 1148 440.00  0.00 800.00  2.00  1
 15 1225 410.00  0.00 800.00  2.57  0
 16 1225 420.00  0.00 800.00  3.00  0
 17 1225 440.00  0.00 800.00  2.29  0
 18 1225 420.00  0.00 800.00  2.29  0
 19 1064 380.00  0.00 800.00  2.00  1
 20 1148 430.00  0.00 800.00  2.29  0
 21  987 400.00  0.00 800.00  1.86  1
 22 1148 450.00  0.00 800.00  2.00  1
 23 1149 440.00  0.00 800.00  2.29  0
