Estimation of parameter k\n  trial     mean   stdev    lower90 upper90
      1  -4.7426  2.6551    -9.0134 -0.7333
      2  -6.9324  1.4348    -8.3660 -4.9292
      3  -5.6415  0.7378    -6.7644 -4.8125
      4  -5.1220  0.5040    -5.7616 -4.7676
      5  -5.3870  0.4321    -5.7851 -5.2761
      6  -5.5221  0.4131    -5.8582 -5.5311
      7  -5.5132  0.3024    -5.7832 -5.5322
      8  -5.5267  0.2199    -5.7829 -5.5412
      9  -5.5266  0.1612    -5.7807 -5.5416
     10  -5.4846  0.4809    -5.7833 -5.3739
     11  -5.5115  0.3604    -5.7826 -5.5352
     12  -5.2799  1.2047    -6.8002 -2.6431
     13  -5.3505  0.9027    -5.8983 -4.7547
     14  -5.2268  1.0599    -6.0772 -3.3668
     15  -5.2771  0.7878    -5.7831 -5.0267
     16  -5.3041  0.5804    -5.7708 -5.1119
     17  -5.3711  0.6775    -5.7900 -5.1823
     18  -5.3911  0.5000    -5.7851 -5.2701
     19  -5.4444  0.4556    -5.7895 -5.2925
     20  -5.4806  0.3802    -5.7909 -5.3236
     21  -5.4510  0.3791    -5.7840 -5.3019
     22  -5.4871  0.3223    -5.7860 -5.3395
     23  -5.4706  0.3008    -5.7815 -5.3205
Estimation of parameter e\n  trial     mean   stdev    lower90 upper90
      1   0.2543  0.1469     0.0167  0.4746
      2   0.2541  0.1469     0.0167  0.4745
      3   0.2530  0.1474     0.0152  0.4744
      4   0.2528  0.1474     0.0152  0.4744
      5   0.2536  0.1472     0.0157  0.4745
      6   0.2518  0.1477     0.0148  0.4742
      7   0.2699  0.1403     0.0335  0.4764
      8   0.2859  0.1332     0.0556  0.4782
      9   0.2985  0.1275     0.0755  0.4798
     10   0.1347  0.0891     0.0084  0.2978
     11   0.1471  0.0875     0.0205  0.3073
     12   0.0365  0.0294     0.0000  0.0833
     13   0.0401  0.0285     0.0000  0.0849
     14   0.0304  0.0216     0.0000  0.0628
     15   0.0326  0.0207     0.0001  0.0638
     16   0.0339  0.0200     0.0005  0.0643
     17   0.0309  0.0186     0.0001  0.0587
     18   0.0317  0.0181     0.0009  0.0592
     19   0.0341  0.0194     0.0013  0.0638
     20   0.0371  0.0202     0.0019  0.0669
     21   0.0361  0.0195     0.0018  0.0652
     22   0.0392  0.0204     0.0024  0.0683
     23   0.0399  0.0206     0.0027  0.0689
