Estimation of parameter k\n  trial     mean   stdev    lower90 upper90
      1  -4.7426  2.6551    -9.0134 -0.7333
      2  -2.4190  1.3630    -4.5632 -0.4965
      3  -3.4473  0.7884    -4.6532 -2.4742
      4  -3.9643  0.5255    -4.6984 -3.4735
      5  -4.2237  0.4022    -4.7207 -3.9753
      6  -4.3605  0.3292    -4.7319 -4.2329
      7  -4.2239  0.2896    -4.4771 -4.2208
      8  -4.2117  0.2123    -4.4676 -4.2211
      9  -4.2175  0.1524    -4.4674 -4.2275
     10  -4.2180  0.1123    -4.4672 -4.2287
     11  -4.2163  0.0801    -4.4660 -4.2287
     12  -4.2215  0.2098    -4.4694 -4.2280
     13  -4.2177  0.1538    -4.4668 -4.2282
     14  -4.2172  0.1100    -4.4666 -4.2286
     15  -4.2170  0.0790    -4.4664 -4.2289
     16  -4.2162  0.0580    -4.4659 -4.2289
     17  -4.2160  0.0411    -4.4658 -4.2289
     18  -4.2160  0.0305    -4.4657 -4.2290
     19  -4.2159  0.0226    -4.4657 -4.2290
     20  -4.2159  0.0168    -4.4657 -4.2290
     21  -4.2159  0.0395    -4.4657 -4.2288
     22  -4.2159  0.0292    -4.4657 -4.2289
     23  -4.2159  0.0217    -4.4657 -4.2290
Estimation of parameter e\n  trial     mean   stdev    lower90 upper90
      1   0.2543  0.1469     0.0167  0.4746
      2   0.2544  0.1469     0.0167  0.4746
      3   0.2545  0.1468     0.0169  0.4746
      4   0.2552  0.1465     0.0179  0.4747
      5   0.2559  0.1460     0.0197  0.4747
      6   0.2602  0.1445     0.0230  0.4753
      7   0.2615  0.1435     0.0266  0.4754
      8   0.2778  0.1371     0.0429  0.4774
      9   0.2902  0.1307     0.0643  0.4787
     10   0.3020  0.1258     0.0809  0.4802
     11   0.3102  0.1215     0.0957  0.4810
     12   0.1857  0.1014     0.0381  0.3754
     13   0.1946  0.0998     0.0504  0.3814
     14   0.1958  0.0992     0.0534  0.3820
     15   0.1970  0.0986     0.0558  0.3826
     16   0.2053  0.0981     0.0633  0.3892
     17   0.2058  0.0979     0.0645  0.3894
     18   0.2129  0.0974     0.0713  0.3948
     19   0.2203  0.0971     0.0773  0.4007
     20   0.2273  0.0967     0.0842  0.4061
     21   0.1542  0.0654     0.0553  0.2667
     22   0.1583  0.0651     0.0592  0.2703
     23   0.1625  0.0649     0.0637  0.2738
