  0  746 360.00  0.00 800.00  1.43  1
  1 2961 390.00  0.00 800.00 104.29  0
  2 1858 420.00  0.00 800.00  8.57  1
  3 2331 410.00  0.00 800.00 25.71  1
  4 2647 410.00  0.00 800.00 42.86  1
  5 2807 430.00  0.00 800.00 52.14  1
  6 2883 400.00  0.00 800.00 78.21  0
  7 2882 390.00  0.00 800.00 78.21  0
  8 2653 470.00  0.00 800.00 42.86  1
  9 2808 440.00  0.00 800.00 52.14  1
 10 2955 330.00  0.00 800.00 104.29  0
 11 2579 520.00  0.00 800.00 38.57  1
 12 2882 390.00  0.00 800.00 78.21  0
 13 2882 390.00  0.00 800.00 52.14  1
 14 2882 400.00  0.00 800.00 52.14  1
 15 2955 330.00  0.00 800.00 104.29  0
 16 2955 340.00  0.00 800.00 130.36  0
 17  235 780.00  0.00 800.00  0.43  1
 18  787 770.00  0.00 800.00  1.43  1
 19  314 780.00  0.00 800.00  0.57  1
 20 3409 130.00  0.00 800.00 312.86  0
 21  471 770.00  0.00 800.00  0.86  1
 22   77 780.00  0.00 800.00  0.14  1
 23 2270 590.00  0.00 800.00 21.43  1
