Estimation of parameter k\n  trial     mean   stdev    lower90 upper90
      1  -4.7426  2.6551    -9.0134 -0.7333
      2  -6.9324  1.4348    -8.3660 -4.9292
      3  -7.9737  0.9228    -4.6526 -6.9364
      4  -7.3372  0.6347    -8.1296 -6.8814
      5  -7.6117  0.5393    -8.1573 -7.3851
      6  -7.7622  0.4670    -8.2897 -7.6410
      7  -7.6069  0.4307    -7.9128 -7.5632
      8  -7.4588  0.7496    -7.8928 -7.3341
      9  -7.4862  0.5751    -7.8830 -7.3768
     10  -7.4971  0.4541    -7.8782 -7.3800
     11  -7.5095  0.3507    -7.8764 -7.3833
     12  -7.3528  0.3964    -7.7882 -7.2454
     13  -7.3416  0.3127    -7.6311 -7.2460
     14  -7.3645  0.2305    -7.6320 -7.3750
     15  -7.3670  0.1744    -7.6299 -7.3756
     16  -7.3680  0.1348    -7.6284 -7.3761
     17  -7.3656  0.1053    -7.6244 -7.3764
     18  -7.3654  0.0854    -7.6232 -7.3767
     19  -7.3712  0.0624    -7.6238 -7.3812
     20  -7.3688  0.0472    -7.6211 -7.3812
     21  -7.3679  0.0385    -7.6201 -7.3812
     22  -7.3696  0.0257    -7.6202 -7.3827
     23  -7.3696  0.0212    -7.6201 -7.3827
Estimation of parameter e\n  trial     mean   stdev    lower90 upper90
      1   0.2543  0.1469     0.0167  0.4746
      2   0.2541  0.1469     0.0167  0.4745
      3   0.2549  0.1465     0.0180  0.4746
      4   0.2544  0.1472     0.0164  0.4747
      5   0.2551  0.1470     0.0180  0.4749
      6   0.2578  0.1462     0.0201  0.4753
      7   0.2668  0.1436     0.0255  0.4765
      8   0.1394  0.1060     0.0040  0.3482
      9   0.1503  0.1058     0.0110  0.3576
     10   0.1601  0.1072     0.0179  0.3689
     11   0.1660  0.1069     0.0227  0.3736
     12   0.1065  0.0666     0.0135  0.2244
     13   0.1116  0.0677     0.0171  0.2323
     14   0.1190  0.0669     0.0247  0.2382
     15   0.1210  0.0666     0.0275  0.2395
     16   0.1225  0.0663     0.0302  0.2406
     17   0.1254  0.0663     0.0339  0.2437
     18   0.1271  0.0661     0.0358  0.2453
     19   0.1332  0.0661     0.0413  0.2516
     20   0.1366  0.0662     0.0443  0.2552
     21   0.1420  0.0671     0.0483  0.2619
     22   0.1465  0.0670     0.0534  0.2666
     23   0.1479  0.0668     0.0548  0.2678
