  0  746 360.00  0.00 800.00  1.43  1
  1 2961 390.00  0.00 800.00 104.29  1
  2 3761 490.00  0.00 800.00 521.43  1
  3 3780 680.00  0.00 800.00 521.43  0
  4 3770 580.00  0.00 800.00 521.43  1
  5 3774 620.00  0.00 800.00 521.43  1
  6 3777 650.00  0.00 800.00 521.43  0
  7 3774 630.00  0.00 800.00 521.43  0
  8 3774 660.00  0.00 800.00 521.43  0
  9 3774 650.00  0.00 800.00 521.43  0
 10 3774 660.00  0.00 800.00 521.43  0
 11 3774 620.00  0.00 800.00 521.43  0
 12 3774 630.00  0.00 800.00 521.43  0
 13 3769 570.00  0.00 800.00 521.43  1
 14 3774 660.00  0.00 800.00 521.43  0
 15 3774 660.00  0.00 800.00 521.43  0
 16 3774 640.00  0.00 800.00 521.43  0
 17 3774 650.00  0.00 800.00 521.43  0
 18 3770 580.00  0.00 800.00 521.43  1
 19 3774 630.00  0.00 800.00 521.43  0
 20 3774 620.00  0.00 800.00 521.43  0
 21 3770 580.00  0.00 800.00 521.43  1
 22 3774 640.00  0.00 800.00 521.43  0
 23 3693 600.00  0.00 800.00 469.29  0
