Estimation of parameter k\n  trial     mean   stdev    lower90 upper90
      1  -4.7426  2.6551    -9.0134 -0.7333
      2  -6.9324  1.4348    -8.3660 -4.9292
      3  -7.9737  0.9228    -4.6526 -6.9364
      4  -7.3372  0.6347    -8.1296 -6.8814
      5  -6.9315  0.5407    -7.3633 -6.8482
      6  -6.7928  0.5108    -7.1071 -6.7247
      7  -6.3606  1.2006    -7.1907 -3.7925
      8  -6.3062  1.0878    -7.0763 -4.5206
      9  -5.8750  1.4048    -7.0734 -2.3985
     10  -6.0236  1.0882    -6.9065 -4.2845
     11  -5.6784  1.2328    -6.8054 -2.9955
     12  -5.7787  0.9576    -6.7091 -4.7038
     13  -5.4875  1.0324    -6.5113 -4.0863
     14  -5.1870  1.1278    -6.3136 -3.1738
     15  -5.2450  0.8809    -6.1994 -4.3383
     16  -5.4241  0.7934    -6.2441 -4.8329
     17  -5.5631  0.7716    -6.2931 -5.0932
     18  -5.5960  0.5912    -6.2739 -5.2170
     19  -5.4784  0.5835    -6.1036 -5.0992
     20  -5.5738  0.5595    -6.1945 -5.2869
     21  -5.5189  0.5010    -6.0474 -5.2736
     22  -5.5927  0.4860    -6.1230 -5.3315
     23  -5.6047  0.3769    -6.1064 -5.3454
Estimation of parameter e\n  trial     mean   stdev    lower90 upper90
      1   0.2543  0.1469     0.0167  0.4746
      2   0.2541  0.1469     0.0167  0.4745
      3   0.2549  0.1465     0.0180  0.4746
      4   0.2544  0.1472     0.0164  0.4747
      5   0.2534  0.1477     0.0142  0.4745
      6   0.2515  0.1478     0.0138  0.4742
      7   0.0521  0.0473     0.0000  0.1364
      8   0.0497  0.0439     0.0000  0.1278
      9   0.0210  0.0168     0.0000  0.0461
     10   0.0232  0.0161     0.0000  0.0475
     11   0.0165  0.0092     0.0000  0.0266
     12   0.0179  0.0082     0.0001  0.0274
     13   0.0161  0.0065     0.0000  0.0171
     14   0.0151  0.0064     0.0000  0.0166
     15   0.0162  0.0051     0.0001  0.0166
     16   0.0165  0.0049     0.0001  0.0167
     17   0.0166  0.0050     0.0001  0.0168
     18   0.0171  0.0041     0.0004  0.0168
     19   0.0171  0.0041     0.0004  0.0168
     20   0.0172  0.0041     0.0004  0.0169
     21   0.0174  0.0040     0.0006  0.0169
     22   0.0175  0.0041     0.0006  0.0170
     23   0.0177  0.0036     0.0008  0.0170
