  0  746 360.00  0.00 800.00  1.43  1
  1 2961 390.00  0.00 800.00 104.29  1
  2 3761 490.00  0.00 800.00 521.43  1
  3 3780 680.00  0.00 800.00 521.43  0
  4 3770 580.00  0.00 800.00 521.43  0
  5 3766 540.00  0.00 800.00 521.43  0
  6 3761 490.00  0.00 800.00 521.43  0
  7 3761 500.00  0.00 800.00 521.43  0
  8 3754 420.00  0.00 800.00 521.43  0
  9 2549 220.00  0.00 800.00 38.57  1
 10 3594 400.00  0.00 800.00 417.14  0
 11 2389 200.00  0.00 800.00 30.00  1
 12 3436 400.00  0.00 800.00 312.86  0
 13 3354 370.00  0.00 800.00 260.71  0
 14 2151 190.00  0.00 800.00 17.14  1
 15 3198 390.00  0.00 800.00 182.50  1
 16 3355 380.00  0.00 800.00 260.71  1
 17 2384 150.00  0.00 800.00 30.00  1
 18 3358 410.00  0.00 800.00 260.71  0
 19 3355 380.00  0.00 800.00 260.71  1
 20 3358 410.00  0.00 800.00 312.86  0
 21 3356 390.00  0.00 800.00 260.71  1
 22 2147 150.00  0.00 800.00 17.14  1
 23 3359 420.00  0.00 800.00 260.71  0
