Estimation of parameter k\n  trial     mean   stdev    lower90 upper90
      1  -4.7426  2.6551    -9.0134 -0.7333
      2  -6.9324  1.4348    -8.3660 -4.9292
      3  -5.6415  0.7378    -6.7644 -4.8125
      4  -6.1624  0.5417    -6.8143 -5.8206
      5  -5.8964  0.4548    -6.3074 -5.7993
      6  -6.0332  0.4398    -6.3221 -6.0576
      7  -6.0331  0.3256    -6.3082 -6.0589
      8  -6.0486  0.2359    -6.3080 -6.0669
      9  -6.0506  0.1725    -6.3063 -6.0673
     10  -6.0538  0.1251    -6.3062 -6.0686
     11  -6.0209  0.5734    -6.3810 -6.0621
     12  -6.0324  0.4291    -6.3122 -6.0645
     13  -6.0410  0.3187    -6.3082 -6.0660
     14  -6.0468  0.2353    -6.3067 -6.0669
     15  -6.0502  0.1744    -6.3061 -6.0674
     16  -6.0533  0.1267    -6.3060 -6.0684
     17  -6.0547  0.0927    -6.3059 -6.0688
     18  -6.0553  0.0685    -6.3058 -6.0689
     19  -6.0556  0.0505    -6.3058 -6.0690
     20  -6.0558  0.0372    -6.3057 -6.0690
     21  -6.0559  0.0274    -6.3057 -6.0691
     22  -6.0559  0.0202    -6.3057 -6.0691
     23  -6.0559  0.0149    -6.3057 -6.0691
Estimation of parameter e\n  trial     mean   stdev    lower90 upper90
      1   0.2543  0.1469     0.0167  0.4746
      2   0.2541  0.1469     0.0167  0.4745
      3   0.2530  0.1474     0.0152  0.4744
      4   0.2533  0.1474     0.0152  0.4745
      5   0.2541  0.1471     0.0159  0.4746
      6   0.2558  0.1466     0.0170  0.4748
      7   0.2737  0.1393     0.0353  0.4769
      8   0.2896  0.1318     0.0597  0.4787
      9   0.2997  0.1267     0.0781  0.4798
     10   0.3107  0.1217     0.0952  0.4812
     11   0.1157  0.0731     0.0050  0.2420
     12   0.1240  0.0713     0.0167  0.2481
     13   0.1305  0.0699     0.0263  0.2527
     14   0.1355  0.0690     0.0353  0.2563
     15   0.1402  0.0684     0.0403  0.2601
     16   0.1448  0.0679     0.0463  0.2643
     17   0.1494  0.0677     0.0523  0.2688
     18   0.1540  0.0677     0.0558  0.2731
     19   0.1584  0.0677     0.0596  0.2775
     20   0.1628  0.0678     0.0639  0.2824
     21   0.1671  0.0679     0.0689  0.2870
     22   0.1713  0.0681     0.0720  0.2912
     23   0.1755  0.0683     0.0752  0.2957
