  0  746 360.00  0.00 800.00  1.43  1
  1 2961 390.00  0.00 800.00 104.29  1
  2 3761 490.00  0.00 800.00 521.43  0
  3 3359 420.00  0.00 800.00 260.71  1
  4 3597 430.00  0.00 800.00 417.14  0
  5 3592 380.00  0.00 800.00 417.14  1
  6 3750 380.00  0.00 800.00 521.43  0
  7 3365 480.00  0.00 800.00 260.71  1
  8 3596 420.00  0.00 800.00 417.14  0
  9 3441 450.00  0.00 800.00 312.86  1
 10 3441 450.00  0.00 800.00 365.00  1
 11 3598 440.00  0.00 800.00 417.14  0
 12 3751 390.00  0.00 800.00 521.43  0
 13 3674 410.00  0.00 800.00 469.29  0
 14 3597 430.00  0.00 800.00 417.14  0
 15 3592 380.00  0.00 800.00 417.14  1
 16 3516 410.00  0.00 800.00 365.00  1
 17   77 780.00  0.00 800.00  0.14  1
 18  314 780.00  0.00 800.00  0.57  1
 19  551 780.00  0.00 800.00  1.00  1
 20  788 780.00  0.00 800.00  1.43  1
 21  946 780.00  0.00 800.00  1.71  1
 22 1104 780.00  0.00 800.00  2.00  1
 23 1183 780.00  0.00 800.00  2.29  1
