Estimation of parameter k\n  trial     mean   stdev    lower90 upper90
      1  -4.7426  2.6551    -9.0134 -0.7333
      2  -6.9324  1.4348    -8.3660 -4.9292
      3  -5.6415  0.7378    -6.7644 -4.8125
      4  -5.1220  0.5040    -5.7616 -4.7676
      5  -4.8592  0.4268    -5.2574 -4.7458
      6  -4.7206  0.4095    -5.0018 -4.6180
      7  -4.5001  0.9131    -5.1669 -3.3785
      8  -4.3368  0.9345    -4.9951 -3.0331
      9  -3.9573  1.3142    -6.4094 -1.6293
     10  -3.4435  1.7765    -7.6488 -0.8295
     11  -3.0117  2.4015    -8.3697 -0.4131
     12  -2.5673  2.1077    -7.8010 -0.4078
     13  -2.2174  1.7680    -6.6908 -0.4050
     14  -1.7284  1.8806    -6.7986 -0.2568
     15  -1.4277  1.4950    -4.8613 -0.2459
     16  -1.0935  1.4847    -4.5697 -0.1429
     17  -1.3866  1.4942    -5.1112 -0.4281
     18  -1.1934  1.1410    -2.3609 -0.4292
     19  -1.0047  1.1355    -2.0320 -0.3253
     20  -0.9007  0.8676    -1.5810 -0.3246
     21  -1.0673  0.8604    -1.7369 -0.5698
     22  -1.1899  0.8417    -1.8114 -0.7525
     23  -1.3232  0.8719    -1.9399 -0.8697
Estimation of parameter e\n  trial     mean   stdev    lower90 upper90
      1   0.2543  0.1469     0.0167  0.4746
      2   0.2541  0.1469     0.0167  0.4745
      3   0.2530  0.1474     0.0152  0.4744
      4   0.2528  0.1474     0.0152  0.4744
      5   0.2521  0.1476     0.0148  0.4743
      6   0.2506  0.1482     0.0133  0.4741
      7   0.0623  0.0563     0.0001  0.1647
      8   0.0512  0.0470     0.0001  0.1360
      9   0.0198  0.0147     0.0000  0.0405
     10   0.0125  0.0085     0.0000  0.0166
     11   0.0087  0.0087     0.0000  0.0156
     12   0.0116  0.0082     0.0000  0.0161
     13   0.0139  0.0070     0.0000  0.0163
     14   0.0137  0.0071     0.0000  0.0163
     15   0.0153  0.0057     0.0000  0.0164
     16   0.0154  0.0055     0.0000  0.0164
     17   0.0151  0.0058     0.0000  0.0164
     18   0.0162  0.0044     0.0001  0.0164
     19   0.0162  0.0044     0.0001  0.0164
     20   0.0168  0.0033     0.0004  0.0165
     21   0.0167  0.0034     0.0003  0.0165
     22   0.0167  0.0034     0.0003  0.0165
     23   0.0166  0.0036     0.0002  0.0165
