  0  746 360.00  0.00 800.00  1.43  1
  1 2961 390.00  0.00 800.00 104.29  1
  2 3761 490.00  0.00 800.00 521.43  0
  3 3359 420.00  0.00 800.00 260.71  0
  4 3274 360.00  0.00 800.00 208.57  0
  5 3041 400.00  0.00 800.00 130.36  0
  6 2962 400.00  0.00 800.00 104.29  0
  7 2961 390.00  0.00 800.00 104.29  0
  8 2880 370.00  0.00 800.00 78.21  0
  9 2564 370.00  0.00 800.00 38.57  0
 10 2009 350.00  0.00 800.00 12.86  0
 11 2978 560.00  0.00 800.00 104.29  0
 12 2979 570.00  0.00 800.00 104.29  0
 13 1619 400.00  0.00 800.00  5.00  0
 14 2586 590.00  0.00 800.00 38.57  0
 15 1303 400.00  0.00 800.00  3.00  0
 16 1068 420.00  0.00 800.00  2.00  1
 17 2352 620.00  0.00 800.00 25.71  0
 18 1225 410.00  0.00 800.00  2.57  0
 19   18 190.00  0.00 800.00  0.14  1
 20 1145 400.00  0.00 800.00  2.29  1
 21 1224 400.00  0.00 800.00  2.57  1
 22 1304 410.00  0.00 800.00  3.00  1
 23   18 190.00  0.00 800.00  0.14  1
