Estimation of parameter k\n  trial     mean   stdev    lower90 upper90
      1  -1.7338  2.7667    -8.1973 -0.0321
      2  -1.1086  2.3653    -7.4806 -0.0275
      3  -0.6240  1.8445    -5.8811 -0.0254
      4  -0.3420  1.3920    -2.8719 -0.0243
      5  -0.1829  1.0186    -0.2699 -0.0237
      6  -1.6859  2.7482    -8.1621 -0.0309
      7  -1.0262  2.2862    -7.2991 -0.0271
      8  -0.5764  1.7749    -5.5506 -0.0252
      9  -0.3101  1.3169    -2.1486 -0.0243
     10  -0.1689  0.9685    -0.2709 -0.0238
     11  -0.0930  0.7040    -0.2655 -0.0235
     12  -0.0537  0.5122    -0.2627 -0.0233
     13  -0.0331  0.3731    -0.2613 -0.0233
     14  -0.1407  0.8831    -0.2679 -0.0236
     15  -4.3400  2.7940    -8.9583 -0.3451
     16  -4.2807  2.8035    -8.9474 -0.3064
     17  -4.2035  2.8201    -8.9340 -0.2504
     18  -4.0939  2.8495    -8.9166 -0.1928
     19  -3.9222  2.8961    -8.8895 -0.1366
     20  -3.6431  2.9578    -8.8420 -0.0917
     21  -3.2056  3.0072    -8.7525 -0.0616
     22  -2.5957  2.9756    -8.5789 -0.0438
     23  -1.8851  2.7785    -8.2346 -0.0340
Estimation of parameter e\n  trial     mean   stdev    lower90 upper90
      1   0.1588  0.1685     0.0000  0.4590
      2   0.2045  0.1674     0.0000  0.4687
      3   0.2329  0.1591     0.0000  0.4725
      4   0.2560  0.1493     0.0001  0.4751
      5   0.2712  0.1411     0.0244  0.4767
      6   0.0568  0.0629     0.0000  0.1684
      7   0.0699  0.0629     0.0000  0.1787
      8   0.0789  0.0613     0.0000  0.1846
      9   0.0843  0.0597     0.0001  0.1875
     10   0.0895  0.0584     0.0041  0.1909
     11   0.0937  0.0575     0.0116  0.1943
     12   0.0979  0.0569     0.0186  0.1979
     13   0.1020  0.0567     0.0222  0.2016
     14   0.0567  0.0300     0.0036  0.1023
     15   0.0002  0.0012     0.0000  0.0001
     16   0.0003  0.0016     0.0000  0.0001
     17   0.0004  0.0023     0.0000  0.0001
     18   0.0007  0.0032     0.0000  0.0001
     19   0.0013  0.0044     0.0000  0.0047
     20   0.0023  0.0058     0.0000  0.0106
     21   0.0040  0.0072     0.0000  0.0136
     22   0.0065  0.0083     0.0000  0.0150
     23   0.0094  0.0086     0.0000  0.0158
