  0  746 360.00  0.00 800.00  1.43  0
  1  593 410.00  0.00 800.00  1.14  0
  2 1922 270.00  0.00 800.00 10.71  0
  3  593 410.00  0.00 800.00  1.14  0
  4  746 360.00  0.00 800.00  1.43  0
  5   67 680.00  0.00 800.00  0.14  0
  6 1935 400.00  0.00 800.00 10.71  0
  7 1935 410.00  0.00 800.00  8.57  0
  8 1860 440.00  0.00 800.00  8.57  0
  9  673 420.00  0.00 800.00  1.29  0
 10  672 410.00  0.00 800.00  1.29  0
 11  594 420.00  0.00 800.00  1.14  0
 12  824 350.00  0.00 800.00  1.57  0
 13   66 670.00  0.00 800.00  0.14  0
 14   27 280.00  0.00 800.00  0.14  0
 15 2416 470.00  0.00 800.00 30.00  0
 16 2338 480.00  0.00 800.00 25.71  0
 17 2103 500.00  0.00 800.00 15.00  0
 18 1948 530.00  0.00 800.00 10.71  0
 19 1870 540.00  0.00 800.00  8.57  0
 20 1871 550.00  0.00 800.00  8.57  0
 21 1794 570.00  0.00 800.00  7.00  0
 22 1795 580.00  0.00 800.00  7.00  0
 23 1874 580.00  0.00 800.00  8.57  0
