Estimation of parameter k\n  trial     mean   stdev    lower90 upper90
      1  -4.7426  2.6551    -9.0134 -0.7333
      2  -6.9324  1.4348    -8.3660 -4.9292
      3  -5.6415  0.7378    -6.7644 -4.8125
      4  -5.1220  0.5040    -5.7616 -4.7676
      5  -4.8592  0.4268    -5.2574 -4.7458
      6  -4.7206  0.4095    -5.0018 -4.6180
      7  -4.7460  0.2908    -5.0012 -4.7512
      8  -4.8527  0.8209    -5.4836 -4.5632
      9  -4.9549  0.8358    -5.5663 -4.6962
     10  -4.9973  0.6757    -5.5024 -4.8250
     11  -4.9872  0.5143    -5.3368 -4.8664
     12  -4.9991  0.3795    -5.2928 -4.9635
     13  -4.9899  0.3043    -5.2593 -4.9464
     14  -4.8504  1.0109    -5.9069 -3.5245
     15  -4.8713  0.7507    -5.3875 -4.7386
     16  -4.8817  0.5540    -5.2770 -4.7520
     17  -4.9456  0.5424    -5.3701 -4.7722
     18  -4.9816  0.4653    -5.3850 -4.8151
     19  -5.0011  0.3744    -5.3830 -4.8895
     20  -4.9938  0.2867    -5.2708 -4.8931
     21  -5.0034  0.2227    -5.2673 -4.9992
     22  -5.0013  0.1685    -5.2644 -5.0041
     23  -4.9967  0.1326    -5.2599 -4.9960
Estimation of parameter e\n  trial     mean   stdev    lower90 upper90
      1   0.2543  0.1469     0.0167  0.4746
      2   0.2541  0.1469     0.0167  0.4745
      3   0.2530  0.1474     0.0152  0.4744
      4   0.2528  0.1474     0.0152  0.4744
      5   0.2521  0.1476     0.0148  0.4743
      6   0.2506  0.1482     0.0133  0.4741
      7   0.2723  0.1399     0.0337  0.4768
      8   0.0688  0.0539     0.0001  0.1632
      9   0.0605  0.0465     0.0001  0.1397
     10   0.0676  0.0480     0.0001  0.1495
     11   0.0742  0.0475     0.0031  0.1543
     12   0.0778  0.0469     0.0073  0.1570
     13   0.0847  0.0478     0.0131  0.1661
     14   0.0320  0.0220     0.0000  0.0643
     15   0.0343  0.0210     0.0001  0.0652
     16   0.0355  0.0203     0.0007  0.0656
     17   0.0342  0.0187     0.0008  0.0617
     18   0.0362  0.0191     0.0014  0.0639
     19   0.0385  0.0193     0.0022  0.0659
     20   0.0405  0.0191     0.0033  0.0670
     21   0.0425  0.0191     0.0043  0.0681
     22   0.0432  0.0188     0.0050  0.0683
     23   0.0449  0.0187     0.0064  0.0691
