  0  746 360.00  0.00 800.00  1.43  1
  1 2961 390.00  0.00 800.00 104.29  1
  2 3761 490.00  0.00 800.00 521.43  0
  3 3359 420.00  0.00 800.00 260.71  0
  4 3274 360.00  0.00 800.00 208.57  0
  5 3041 400.00  0.00 800.00 130.36  0
  6 2962 400.00  0.00 800.00 104.29  1
  7 3116 360.00  0.00 800.00 156.43  1
  8 3041 400.00  0.00 800.00 130.36  1
  9 3040 390.00  0.00 800.00 130.36  1
 10 3200 410.00  0.00 800.00 182.50  0
 11 3040 400.00  0.00 800.00 104.29  1
 12 3040 410.00  0.00 800.00 156.43  0
 13 3040 400.00  0.00 800.00 104.29  0
 14 2157 250.00  0.00 800.00 17.14  1
 15 2076 230.00  0.00 800.00 15.00  1
 16 3041 400.00  0.00 800.00 130.36  1
 17 3040 390.00  0.00 800.00 130.36  1
 18 3039 380.00  0.00 800.00 130.36  1
 19 3202 430.00  0.00 800.00 182.50  0
 20 3038 370.00  0.00 800.00 130.36  1
 21 3202 460.00  0.00 800.00 208.57  0
 22 3201 420.00  0.00 800.00 182.50  0
 23 3038 370.00  0.00 800.00 130.36  0
