Estimation of parameter k\n  trial     mean   stdev    lower90 upper90
      1  -4.7426  2.6551    -9.0134 -0.7333
      2  -6.9324  1.4348    -8.3660 -4.9292
      3  -7.9737  0.9228    -4.6526 -6.9364
      4  -7.3372  0.6347    -8.1296 -6.8814
      5  -6.9315  0.5407    -7.3633 -6.8482
      6  -7.0740  0.5335    -7.4698 -7.1075
      7  -7.0833  0.3883    -7.3680 -7.1094
      8  -7.0880  0.2850    -7.3616 -7.1104
      9  -6.8866  0.7453    -7.3592 -6.6511
     10  -6.9893  0.6998    -7.3657 -6.8707
     11  -7.0499  0.5410    -7.3657 -7.0224
     12  -6.9748  0.7313    -7.3630 -6.8680
     13  -7.0348  0.5976    -7.3636 -7.0016
     14  -7.0719  0.4416    -7.3629 -7.1116
     15  -7.0916  0.3222    -7.3623 -7.1164
     16  -7.0970  0.2389    -7.3596 -7.1170
     17  -7.0999  0.1798    -7.3582 -7.1174
     18  -7.1043  0.1308    -7.3581 -7.1193
     19  -7.1052  0.0962    -7.3576 -7.1194
     20  -7.0881  0.2515    -7.3579 -7.1107
     21  -7.0979  0.1846    -7.3580 -7.1158
     22  -7.0943  0.1896    -7.3574 -7.1129
     23  -7.0891  0.1951    -7.3570 -7.1080
Estimation of parameter e\n  trial     mean   stdev    lower90 upper90
      1   0.2543  0.1469     0.0167  0.4746
      2   0.2541  0.1469     0.0167  0.4745
      3   0.2549  0.1465     0.0180  0.4746
      4   0.2544  0.1472     0.0164  0.4747
      5   0.2534  0.1477     0.0142  0.4745
      6   0.2553  0.1475     0.0147  0.4749
      7   0.2648  0.1427     0.0281  0.4759
      8   0.2735  0.1386     0.0403  0.4768
      9   0.0840  0.0623     0.0016  0.1954
     10   0.0975  0.0688     0.0032  0.2206
     11   0.1087  0.0693     0.0095  0.2316
     12   0.0787  0.0511     0.0021  0.1659
     13   0.0890  0.0524     0.0067  0.1769
     14   0.0946  0.0514     0.0144  0.1810
     15   0.0986  0.0506     0.0202  0.1838
     16   0.1021  0.0498     0.0250  0.1861
     17   0.1060  0.0495     0.0301  0.1890
     18   0.1095  0.0492     0.0354  0.1921
     19   0.1115  0.0488     0.0375  0.1939
     20   0.0732  0.0311     0.0194  0.1201
     21   0.0759  0.0306     0.0220  0.1223
     22   0.0752  0.0306     0.0215  0.1213
     23   0.0744  0.0306     0.0208  0.1205
