  0  746 360.00  0.00 800.00  1.43  1
  1 2961 390.00  0.00 800.00 104.29  1
  2 3761 490.00  0.00 800.00 521.43  1
  3 3780 680.00  0.00 800.00 521.43  0
  4 3770 580.00  0.00 800.00 521.43  0
  5 3766 540.00  0.00 800.00 521.43  1
  6 3770 620.00  0.00 800.00 521.43  0
  7 3770 600.00  0.00 800.00 521.43  0
  8 3689 560.00  0.00 800.00 469.29  0
  9 3766 540.00  0.00 800.00 521.43  1
 10 3765 530.00  0.00 800.00 521.43  1
 11 3765 550.00  0.00 800.00 521.43  0
 12 3765 540.00  0.00 800.00 521.43  1
 13 3764 520.00  0.00 800.00 521.43  1
 14 3764 520.00  0.00 800.00 521.43  1
 15 3772 600.00  0.00 800.00 521.43  0
 16 3771 590.00  0.00 800.00 521.43  0
 17 3765 530.00  0.00 800.00 521.43  1
 18 3771 600.00  0.00 800.00 521.43  0
 19 3688 550.00  0.00 800.00 469.29  0
 20 3764 520.00  0.00 800.00 521.43  1
 21 3764 560.00  0.00 800.00 521.43  0
 22 3764 560.00  0.00 800.00 521.43  0
 23 3764 520.00  0.00 800.00 521.43  1
