Estimation of parameter k\n  trial     mean   stdev    lower90 upper90
      1  -4.7426  2.6551    -9.0134 -0.7333
      2  -2.4190  1.3630    -4.5632 -0.4965
      3  -3.4473  0.7884    -4.6532 -2.4742
      4  -3.9643  0.5255    -4.6984 -3.4735
      5  -4.2237  0.4022    -4.7207 -3.9753
      6  -4.3605  0.3292    -4.7319 -4.2329
      7  -4.4961  0.3095    -4.7809 -4.4841
      8  -4.4756  0.2101    -4.7314 -4.4843
      9  -4.4001  0.5526    -4.7359 -4.2247
     10  -4.4689  0.4824    -4.7380 -4.3184
     11  -4.4822  0.3666    -4.7364 -4.4819
     12  -4.4814  0.2659    -4.7351 -4.4844
     13  -4.4756  0.1962    -4.7310 -4.4848
     14  -4.4736  0.1441    -4.7295 -4.4851
     15  -4.4781  0.1055    -4.7295 -4.4899
     16  -4.4793  0.0779    -4.7294 -4.4913
     17  -4.4786  0.0573    -4.7288 -4.4913
     18  -4.4786  0.0429    -4.7287 -4.4915
     19  -4.4787  0.0348    -4.7286 -4.4916
     20  -4.4788  0.0257    -4.7286 -4.4918
     21  -4.4788  0.0192    -4.7286 -4.4919
     22  -4.4788  0.0160    -4.7285 -4.4919
     23  -4.4788  0.0120    -4.7285 -4.4919
Estimation of parameter e\n  trial     mean   stdev    lower90 upper90
      1   0.2543  0.1469     0.0167  0.4746
      2   0.2544  0.1469     0.0167  0.4746
      3   0.2545  0.1468     0.0169  0.4746
      4   0.2552  0.1465     0.0179  0.4747
      5   0.2559  0.1460     0.0197  0.4747
      6   0.2602  0.1445     0.0230  0.4753
      7   0.2589  0.1454     0.0197  0.4752
      8   0.2756  0.1378     0.0408  0.4771
      9   0.0900  0.0675     0.0022  0.2126
     10   0.1058  0.0737     0.0046  0.2382
     11   0.1158  0.0735     0.0109  0.2472
     12   0.1180  0.0728     0.0160  0.2485
     13   0.1238  0.0721     0.0225  0.2532
     14   0.1270  0.0714     0.0271  0.2555
     15   0.1334  0.0711     0.0350  0.2612
     16   0.1388  0.0710     0.0395  0.2668
     17   0.1436  0.0710     0.0441  0.2715
     18   0.1489  0.0712     0.0494  0.2769
     19   0.1570  0.0736     0.0538  0.2901
     20   0.1622  0.0739     0.0576  0.2956
     21   0.1673  0.0741     0.0618  0.3014
     22   0.1753  0.0767     0.0664  0.3145
     23   0.1804  0.0769     0.0708  0.3200
