  0  746 360.00  0.00 800.00  1.43  1
  1 2961 390.00  0.00 800.00 104.29  0
  2 1858 420.00  0.00 800.00  8.57  1
  3 2331 410.00  0.00 800.00 25.71  1
  4 2647 410.00  0.00 800.00 42.86  1
  5 2807 430.00  0.00 800.00 52.14  1
  6 2883 400.00  0.00 800.00 78.21  1
  7 2961 390.00  0.00 800.00 104.29  0
  8 2957 350.00  0.00 800.00 104.29  0
  9 2883 400.00  0.00 800.00 78.21  1
 10 2882 390.00  0.00 800.00 78.21  1
 11 2882 400.00  0.00 800.00 52.14  1
 12 2962 400.00  0.00 800.00 104.29  0
 13 2882 410.00  0.00 800.00 104.29  0
 14 2956 340.00  0.00 800.00 104.29  1
 15 2883 400.00  0.00 800.00 78.21  1
 16 2961 390.00  0.00 800.00 104.29  0
 17  629 770.00  0.00 800.00  1.14  1
 18  629 780.00  0.00 800.00  1.29  1
 19 2658 520.00  0.00 800.00 42.86  1
 20  156 780.00  0.00 800.00  0.29  1
 21  156 790.00  0.00 800.00  0.43  1
 22  235 780.00  0.00 800.00  0.43  1
 23 3489 140.00  0.00 800.00 365.00  0
