Estimation of parameter k\n  trial     mean   stdev    lower90 upper90
      1  -4.7426  2.6551    -9.0134 -0.7333
      2  -2.4190  1.3630    -4.5632 -0.4965
      3  -3.4473  0.7884    -4.6532 -2.4742
      4  -3.9643  0.5255    -4.6984 -3.4735
      5  -4.2237  0.4022    -4.7207 -3.9753
      6  -3.9676  0.4014    -4.2937 -3.9124
      7  -3.9468  0.2977    -4.2060 -3.9244
      8  -3.9572  0.2162    -4.2057 -3.9636
      9  -4.0099  0.5868    -4.4381 -3.9579
     10  -3.9749  0.4484    -4.2152 -3.9593
     11  -3.9641  0.3225    -4.2118 -3.9606
     12  -3.9585  0.2324    -4.2097 -3.9614
     13  -3.9557  0.1691    -4.2085 -3.9618
     14  -3.9511  0.1253    -4.2045 -3.9620
     15  -3.9240  0.2908    -4.2048 -3.7657
     16  -3.9430  0.2194    -4.2051 -3.9224
     17  -3.9514  0.1669    -4.2051 -3.9605
     18  -3.9538  0.1238    -4.2050 -3.9637
     19  -3.9522  0.0916    -4.2037 -3.9639
     20  -3.9514  0.0696    -4.2031 -3.9640
     21  -3.9376  0.1737    -4.2030 -3.8844
     22  -3.8680  0.3785    -4.2004 -3.7099
     23  -3.9010  0.3160    -4.2023 -3.7380
Estimation of parameter e\n  trial     mean   stdev    lower90 upper90
      1   0.2543  0.1469     0.0167  0.4746
      2   0.2544  0.1469     0.0167  0.4746
      3   0.2545  0.1468     0.0169  0.4746
      4   0.2552  0.1465     0.0179  0.4747
      5   0.2559  0.1460     0.0197  0.4747
      6   0.2478  0.1484     0.0147  0.4736
      7   0.2668  0.1419     0.0285  0.4761
      8   0.2849  0.1338     0.0533  0.4781
      9   0.1172  0.0862     0.0018  0.2759
     10   0.1310  0.0858     0.0093  0.2882
     11   0.1339  0.0847     0.0161  0.2898
     12   0.1357  0.0840     0.0200  0.2908
     13   0.1368  0.0836     0.0222  0.2914
     14   0.1432  0.0830     0.0280  0.2969
     15   0.0715  0.0422     0.0062  0.1414
     16   0.0779  0.0417     0.0112  0.1468
     17   0.0834  0.0415     0.0180  0.1514
     18   0.0868  0.0410     0.0211  0.1536
     19   0.0894  0.0406     0.0239  0.1552
     20   0.0926  0.0406     0.0270  0.1589
     21   0.0600  0.0270     0.0105  0.1005
     22   0.0358  0.0179     0.0020  0.0619
     23   0.0391  0.0183     0.0029  0.0651
