Estimation of parameter k\n  trial     mean   stdev    lower90 upper90
      1  -4.7426  2.6551    -9.0134 -0.7333
      2  -6.9324  1.4348    -8.3660 -4.9292
      3  -7.9737  0.9228    -4.6526 -6.9364
      4  -7.3372  0.6347    -8.1296 -6.8814
      5  -7.6117  0.5393    -8.1573 -7.3851
      6  -7.3260  0.5516    -7.7441 -7.2425
      7  -7.3385  0.4052    -7.6331 -7.2757
      8  -7.3670  0.2969    -7.6346 -7.3793
      9  -7.3696  0.2170    -7.6301 -7.3799
     10  -7.3700  0.1600    -7.6272 -7.3801
     11  -7.3709  0.1203    -7.6261 -7.3804
     12  -7.3666  0.0877    -7.6208 -7.3803
     13  -7.3700  0.0614    -7.6209 -7.3828
     14  -7.3695  0.0451    -7.6202 -7.3829
     15  -7.3610  0.1278    -7.6201 -7.3769
     16  -7.3672  0.0897    -7.6203 -7.3814
     17  -7.3693  0.0642    -7.6203 -7.3828
     18  -7.3694  0.0492    -7.6201 -7.3828
     19  -7.3631  0.1199    -7.6200 -7.3786
     20  -7.3675  0.0861    -7.6201 -7.3817
     21  -7.3692  0.0619    -7.6202 -7.3828
     22  -7.3694  0.0474    -7.6201 -7.3829
     23  -7.3627  0.1272    -7.6200 -7.3784
Estimation of parameter e\n  trial     mean   stdev    lower90 upper90
      1   0.2543  0.1469     0.0167  0.4746
      2   0.2541  0.1469     0.0167  0.4745
      3   0.2549  0.1465     0.0180  0.4746
      4   0.2544  0.1472     0.0164  0.4747
      5   0.2551  0.1470     0.0180  0.4749
      6   0.2501  0.1483     0.0142  0.4740
      7   0.2589  0.1442     0.0253  0.4750
      8   0.2755  0.1378     0.0419  0.4771
      9   0.2799  0.1351     0.0516  0.4775
     10   0.2839  0.1328     0.0589  0.4779
     11   0.2859  0.1316     0.0631  0.4781
     12   0.2957  0.1276     0.0749  0.4793
     13   0.3071  0.1226     0.0917  0.4807
     14   0.3155  0.1188     0.1045  0.4817
     15   0.1902  0.0996     0.0455  0.3764
     16   0.1976  0.0979     0.0566  0.3809
     17   0.2047  0.0969     0.0647  0.3863
     18   0.2132  0.0969     0.0718  0.3935
     19   0.1365  0.0626     0.0402  0.2428
     20   0.1417  0.0618     0.0476  0.2474
     21   0.1458  0.0614     0.0533  0.2509
     22   0.1503  0.0614     0.0568  0.2551
     23   0.1026  0.0416     0.0339  0.1690
