trialNum matrixIndex leftValue leftTime rightValue rightTime choice
trialNum matrixIndex leftValue leftTime rightValue rightTime choice
  0  519 460.00  0.00 800.00  1.00  1
  1 2961 390.00  0.00 800.00 104.29  0
  2 2013 390.00  0.00 800.00 12.86  1
  3 2565 380.00  0.00 800.00 38.57  0
  4 2176 440.00  0.00 800.00 17.14  1
  5 2331 410.00  0.00 800.00 25.71  0
  6 2250 390.00  0.00 800.00 21.43  0
  7 2250 410.00  0.00 800.00 25.71  0
  8 2176 440.00  0.00 800.00 17.14  0
  9 2092 390.00  0.00 800.00 15.00  1
 10 2251 400.00  0.00 800.00 21.43  0
 11 2092 380.00  0.00 800.00 17.14  1
 12 2169 370.00  0.00 800.00 17.14  1
 13 2251 400.00  0.00 800.00 21.43  0
 14 2093 400.00  0.00 800.00 15.00  1
 15 2251 380.00  0.00 800.00 25.71  1
 16 2252 410.00  0.00 800.00 21.43  0
 17 2252 400.00  0.00 800.00 17.14  1
 18 2252 390.00  0.00 800.00 17.14  0
 19 2254 430.00  0.00 800.00 21.43  0
