1 10 0 800 0.143000
2 20 0 800 0.143000
3 30 0 800 0.143000
4 40 0 800 0.143000
5 50 0 800 0.143000
6 60 0 800 0.143000
7 70 0 800 0.143000
8 80 0 800 0.143000
9 90 0 800 0.143000
10 100 0 800 0.143000
11 110 0 800 0.143000
12 120 0 800 0.143000
13 130 0 800 0.143000
14 140 0 800 0.143000
15 150 0 800 0.143000
16 160 0 800 0.143000
17 170 0 800 0.143000
18 180 0 800 0.143000
19 190 0 800 0.143000
20 200 0 800 0.143000
21 210 0 800 0.143000
22 220 0 800 0.143000
23 230 0 800 0.143000
24 240 0 800 0.143000
25 250 0 800 0.143000
26 260 0 800 0.143000
27 270 0 800 0.143000
28 280 0 800 0.143000
29 290 0 800 0.143000
30 300 0 800 0.143000
31 310 0 800 0.143000
32 320 0 800 0.143000
33 330 0 800 0.143000
34 340 0 800 0.143000
35 350 0 800 0.143000
36 360 0 800 0.143000
37 370 0 800 0.143000
38 380 0 800 0.143000
39 390 0 800 0.143000
40 400 0 800 0.143000
41 410 0 800 0.143000
42 420 0 800 0.143000
43 430 0 800 0.143000
44 440 0 800 0.143000
45 450 0 800 0.143000
46 460 0 800 0.143000
47 470 0 800 0.143000
48 480 0 800 0.143000
49 490 0 800 0.143000
50 500 0 800 0.143000
51 510 0 800 0.143000
52 520 0 800 0.143000
53 530 0 800 0.143000
54 540 0 800 0.143000
55 550 0 800 0.143000
56 560 0 800 0.143000
57 570 0 800 0.143000
58 580 0 800 0.143000
59 590 0 800 0.143000
60 600 0 800 0.143000
61 610 0 800 0.143000
62 620 0 800 0.143000
63 630 0 800 0.143000
64 640 0 800 0.143000
65 650 0 800 0.143000
66 660 0 800 0.143000
67 670 0 800 0.143000
68 680 0 800 0.143000
69 690 0 800 0.143000
70 700 0 800 0.143000
71 710 0 800 0.143000
72 720 0 800 0.143000
73 730 0 800 0.143000
74 740 0 800 0.143000
75 750 0 800 0.143000
76 760 0 800 0.143000
77 770 0 800 0.143000
78 780 0 800 0.143000
79 790 0 800 0.143000
80 10 0 800 0.286000
81 20 0 800 0.286000
82 30 0 800 0.286000
83 40 0 800 0.286000
84 50 0 800 0.286000
85 60 0 800 0.286000
86 70 0 800 0.286000
87 80 0 800 0.286000
88 90 0 800 0.286000
89 100 0 800 0.286000
90 110 0 800 0.286000
91 120 0 800 0.286000
92 130 0 800 0.286000
93 140 0 800 0.286000
94 150 0 800 0.286000
95 160 0 800 0.286000
96 170 0 800 0.286000
97 180 0 800 0.286000
98 190 0 800 0.286000
99 200 0 800 0.286000
100 210 0 800 0.286000
101 220 0 800 0.286000
102 230 0 800 0.286000
103 240 0 800 0.286000
104 250 0 800 0.286000
105 260 0 800 0.286000
106 270 0 800 0.286000
107 280 0 800 0.286000
108 290 0 800 0.286000
109 300 0 800 0.286000
110 310 0 800 0.286000
111 320 0 800 0.286000
112 330 0 800 0.286000
113 340 0 800 0.286000
114 350 0 800 0.286000
115 360 0 800 0.286000
116 370 0 800 0.286000
117 380 0 800 0.286000
118 390 0 800 0.286000
119 400 0 800 0.286000
120 410 0 800 0.286000
121 420 0 800 0.286000
122 430 0 800 0.286000
123 440 0 800 0.286000
124 450 0 800 0.286000
125 460 0 800 0.286000
126 470 0 800 0.286000
127 480 0 800 0.286000
128 490 0 800 0.286000
129 500 0 800 0.286000
130 510 0 800 0.286000
131 520 0 800 0.286000
132 530 0 800 0.286000
133 540 0 800 0.286000
134 550 0 800 0.286000
135 560 0 800 0.286000
136 570 0 800 0.286000
137 580 0 800 0.286000
138 590 0 800 0.286000
139 600 0 800 0.286000
140 610 0 800 0.286000
141 620 0 800 0.286000
142 630 0 800 0.286000
143 640 0 800 0.286000
144 650 0 800 0.286000
145 660 0 800 0.286000
146 670 0 800 0.286000
147 680 0 800 0.286000
148 690 0 800 0.286000
149 700 0 800 0.286000
150 710 0 800 0.286000
151 720 0 800 0.286000
152 730 0 800 0.286000
153 740 0 800 0.286000
154 750 0 800 0.286000
155 760 0 800 0.286000
156 770 0 800 0.286000
157 780 0 800 0.286000
158 790 0 800 0.286000
159 10 0 800 0.429000
160 20 0 800 0.429000
161 30 0 800 0.429000
162 40 0 800 0.429000
163 50 0 800 0.429000
164 60 0 800 0.429000
165 70 0 800 0.429000
166 80 0 800 0.429000
167 90 0 800 0.429000
168 100 0 800 0.429000
169 110 0 800 0.429000
170 120 0 800 0.429000
171 130 0 800 0.429000
172 140 0 800 0.429000
173 150 0 800 0.429000
174 160 0 800 0.429000
175 170 0 800 0.429000
176 180 0 800 0.429000
177 190 0 800 0.429000
178 200 0 800 0.429000
179 210 0 800 0.429000
180 220 0 800 0.429000
181 230 0 800 0.429000
182 240 0 800 0.429000
183 250 0 800 0.429000
184 260 0 800 0.429000
185 270 0 800 0.429000
186 280 0 800 0.429000
187 290 0 800 0.429000
188 300 0 800 0.429000
189 310 0 800 0.429000
190 320 0 800 0.429000
191 330 0 800 0.429000
192 340 0 800 0.429000
193 350 0 800 0.429000
194 360 0 800 0.429000
195 370 0 800 0.429000
196 380 0 800 0.429000
197 390 0 800 0.429000
198 400 0 800 0.429000
199 410 0 800 0.429000
200 420 0 800 0.429000
201 430 0 800 0.429000
202 440 0 800 0.429000
203 450 0 800 0.429000
204 460 0 800 0.429000
205 470 0 800 0.429000
206 480 0 800 0.429000
207 490 0 800 0.429000
208 500 0 800 0.429000
209 510 0 800 0.429000
210 520 0 800 0.429000
211 530 0 800 0.429000
212 540 0 800 0.429000
213 550 0 800 0.429000
214 560 0 800 0.429000
215 570 0 800 0.429000
216 580 0 800 0.429000
217 590 0 800 0.429000
218 600 0 800 0.429000
219 610 0 800 0.429000
220 620 0 800 0.429000
221 630 0 800 0.429000
222 640 0 800 0.429000
223 650 0 800 0.429000
224 660 0 800 0.429000
225 670 0 800 0.429000
226 680 0 800 0.429000
227 690 0 800 0.429000
228 700 0 800 0.429000
229 710 0 800 0.429000
230 720 0 800 0.429000
231 730 0 800 0.429000
232 740 0 800 0.429000
233 750 0 800 0.429000
234 760 0 800 0.429000
235 770 0 800 0.429000
236 780 0 800 0.429000
237 790 0 800 0.429000
238 10 0 800 0.571000
239 20 0 800 0.571000
240 30 0 800 0.571000
241 40 0 800 0.571000
242 50 0 800 0.571000
243 60 0 800 0.571000
244 70 0 800 0.571000
245 80 0 800 0.571000
246 90 0 800 0.571000
247 100 0 800 0.571000
248 110 0 800 0.571000
249 120 0 800 0.571000
250 130 0 800 0.571000
251 140 0 800 0.571000
252 150 0 800 0.571000
253 160 0 800 0.571000
254 170 0 800 0.571000
255 180 0 800 0.571000
256 190 0 800 0.571000
257 200 0 800 0.571000
258 210 0 800 0.571000
259 220 0 800 0.571000
260 230 0 800 0.571000
261 240 0 800 0.571000
262 250 0 800 0.571000
263 260 0 800 0.571000
264 270 0 800 0.571000
265 280 0 800 0.571000
266 290 0 800 0.571000
267 300 0 800 0.571000
268 310 0 800 0.571000
269 320 0 800 0.571000
270 330 0 800 0.571000
271 340 0 800 0.571000
272 350 0 800 0.571000
273 360 0 800 0.571000
274 370 0 800 0.571000
275 380 0 800 0.571000
276 390 0 800 0.571000
277 400 0 800 0.571000
278 410 0 800 0.571000
279 420 0 800 0.571000
280 430 0 800 0.571000
281 440 0 800 0.571000
282 450 0 800 0.571000
283 460 0 800 0.571000
284 470 0 800 0.571000
285 480 0 800 0.571000
286 490 0 800 0.571000
287 500 0 800 0.571000
288 510 0 800 0.571000
289 520 0 800 0.571000
290 530 0 800 0.571000
291 540 0 800 0.571000
292 550 0 800 0.571000
293 560 0 800 0.571000
294 570 0 800 0.571000
295 580 0 800 0.571000
296 590 0 800 0.571000
297 600 0 800 0.571000
298 610 0 800 0.571000
299 620 0 800 0.571000
300 630 0 800 0.571000
301 640 0 800 0.571000
302 650 0 800 0.571000
303 660 0 800 0.571000
304 670 0 800 0.571000
305 680 0 800 0.571000
306 690 0 800 0.571000
307 700 0 800 0.571000
308 710 0 800 0.571000
309 720 0 800 0.571000
310 730 0 800 0.571000
311 740 0 800 0.571000
312 750 0 800 0.571000
313 760 0 800 0.571000
314 770 0 800 0.571000
315 780 0 800 0.571000
316 790 0 800 0.571000
317 10 0 800 0.714000
318 20 0 800 0.714000
319 30 0 800 0.714000
320 40 0 800 0.714000
321 50 0 800 0.714000
322 60 0 800 0.714000
323 70 0 800 0.714000
324 80 0 800 0.714000
325 90 0 800 0.714000
326 100 0 800 0.714000
327 110 0 800 0.714000
328 120 0 800 0.714000
329 130 0 800 0.714000
330 140 0 800 0.714000
331 150 0 800 0.714000
332 160 0 800 0.714000
333 170 0 800 0.714000
334 180 0 800 0.714000
335 190 0 800 0.714000
336 200 0 800 0.714000
337 210 0 800 0.714000
338 220 0 800 0.714000
339 230 0 800 0.714000
340 240 0 800 0.714000
341 250 0 800 0.714000
342 260 0 800 0.714000
343 270 0 800 0.714000
344 280 0 800 0.714000
345 290 0 800 0.714000
346 300 0 800 0.714000
347 310 0 800 0.714000
348 320 0 800 0.714000
349 330 0 800 0.714000
350 340 0 800 0.714000
351 350 0 800 0.714000
352 360 0 800 0.714000
353 370 0 800 0.714000
354 380 0 800 0.714000
355 390 0 800 0.714000
356 400 0 800 0.714000
357 410 0 800 0.714000
358 420 0 800 0.714000
359 430 0 800 0.714000
360 440 0 800 0.714000
361 450 0 800 0.714000
362 460 0 800 0.714000
363 470 0 800 0.714000
364 480 0 800 0.714000
365 490 0 800 0.714000
366 500 0 800 0.714000
367 510 0 800 0.714000
368 520 0 800 0.714000
369 530 0 800 0.714000
370 540 0 800 0.714000
371 550 0 800 0.714000
372 560 0 800 0.714000
373 570 0 800 0.714000
374 580 0 800 0.714000
375 590 0 800 0.714000
376 600 0 800 0.714000
377 610 0 800 0.714000
378 620 0 800 0.714000
379 630 0 800 0.714000
380 640 0 800 0.714000
381 650 0 800 0.714000
382 660 0 800 0.714000
383 670 0 800 0.714000
384 680 0 800 0.714000
385 690 0 800 0.714000
386 700 0 800 0.714000
387 710 0 800 0.714000
388 720 0 800 0.714000
389 730 0 800 0.714000
390 740 0 800 0.714000
391 750 0 800 0.714000
392 760 0 800 0.714000
393 770 0 800 0.714000
394 780 0 800 0.714000
395 790 0 800 0.714000
396 10 0 800 0.857000
397 20 0 800 0.857000
398 30 0 800 0.857000
399 40 0 800 0.857000
400 50 0 800 0.857000
401 60 0 800 0.857000
402 70 0 800 0.857000
403 80 0 800 0.857000
404 90 0 800 0.857000
405 100 0 800 0.857000
406 110 0 800 0.857000
407 120 0 800 0.857000
408 130 0 800 0.857000
409 140 0 800 0.857000
410 150 0 800 0.857000
411 160 0 800 0.857000
412 170 0 800 0.857000
413 180 0 800 0.857000
414 190 0 800 0.857000
415 200 0 800 0.857000
416 210 0 800 0.857000
417 220 0 800 0.857000
418 230 0 800 0.857000
419 240 0 800 0.857000
420 250 0 800 0.857000
421 260 0 800 0.857000
422 270 0 800 0.857000
423 280 0 800 0.857000
424 290 0 800 0.857000
425 300 0 800 0.857000
426 310 0 800 0.857000
427 320 0 800 0.857000
428 330 0 800 0.857000
429 340 0 800 0.857000
430 350 0 800 0.857000
431 360 0 800 0.857000
432 370 0 800 0.857000
433 380 0 800 0.857000
434 390 0 800 0.857000
435 400 0 800 0.857000
436 410 0 800 0.857000
437 420 0 800 0.857000
438 430 0 800 0.857000
439 440 0 800 0.857000
440 450 0 800 0.857000
441 460 0 800 0.857000
442 470 0 800 0.857000
443 480 0 800 0.857000
444 490 0 800 0.857000
445 500 0 800 0.857000
446 510 0 800 0.857000
447 520 0 800 0.857000
448 530 0 800 0.857000
449 540 0 800 0.857000
450 550 0 800 0.857000
451 560 0 800 0.857000
452 570 0 800 0.857000
453 580 0 800 0.857000
454 590 0 800 0.857000
455 600 0 800 0.857000
456 610 0 800 0.857000
457 620 0 800 0.857000
458 630 0 800 0.857000
459 640 0 800 0.857000
460 650 0 800 0.857000
461 660 0 800 0.857000
462 670 0 800 0.857000
463 680 0 800 0.857000
464 690 0 800 0.857000
465 700 0 800 0.857000
466 710 0 800 0.857000
467 720 0 800 0.857000
468 730 0 800 0.857000
469 740 0 800 0.857000
470 750 0 800 0.857000
471 760 0 800 0.857000
472 770 0 800 0.857000
473 780 0 800 0.857000
474 790 0 800 0.857000
475 10 0 800 1.000000
476 20 0 800 1.000000
477 30 0 800 1.000000
478 40 0 800 1.000000
479 50 0 800 1.000000
480 60 0 800 1.000000
481 70 0 800 1.000000
482 80 0 800 1.000000
483 90 0 800 1.000000
484 100 0 800 1.000000
485 110 0 800 1.000000
486 120 0 800 1.000000
487 130 0 800 1.000000
488 140 0 800 1.000000
489 150 0 800 1.000000
490 160 0 800 1.000000
491 170 0 800 1.000000
492 180 0 800 1.000000
493 190 0 800 1.000000
494 200 0 800 1.000000
495 210 0 800 1.000000
496 220 0 800 1.000000
497 230 0 800 1.000000
498 240 0 800 1.000000
499 250 0 800 1.000000
500 260 0 800 1.000000
501 270 0 800 1.000000
502 280 0 800 1.000000
503 290 0 800 1.000000
504 300 0 800 1.000000
505 310 0 800 1.000000
506 320 0 800 1.000000
507 330 0 800 1.000000
508 340 0 800 1.000000
509 350 0 800 1.000000
510 360 0 800 1.000000
511 370 0 800 1.000000
512 380 0 800 1.000000
513 390 0 800 1.000000
514 400 0 800 1.000000
515 410 0 800 1.000000
516 420 0 800 1.000000
517 430 0 800 1.000000
518 440 0 800 1.000000
519 450 0 800 1.000000
520 460 0 800 1.000000
521 470 0 800 1.000000
522 480 0 800 1.000000
523 490 0 800 1.000000
524 500 0 800 1.000000
525 510 0 800 1.000000
526 520 0 800 1.000000
527 530 0 800 1.000000
528 540 0 800 1.000000
529 550 0 800 1.000000
530 560 0 800 1.000000
531 570 0 800 1.000000
532 580 0 800 1.000000
533 590 0 800 1.000000
534 600 0 800 1.000000
535 610 0 800 1.000000
536 620 0 800 1.000000
537 630 0 800 1.000000
538 640 0 800 1.000000
539 650 0 800 1.000000
540 660 0 800 1.000000
541 670 0 800 1.000000
542 680 0 800 1.000000
543 690 0 800 1.000000
544 700 0 800 1.000000
545 710 0 800 1.000000
546 720 0 800 1.000000
547 730 0 800 1.000000
548 740 0 800 1.000000
549 750 0 800 1.000000
550 760 0 800 1.000000
551 770 0 800 1.000000
552 780 0 800 1.000000
553 790 0 800 1.000000
554 10 0 800 1.143000
555 20 0 800 1.143000
556 30 0 800 1.143000
557 40 0 800 1.143000
558 50 0 800 1.143000
559 60 0 800 1.143000
560 70 0 800 1.143000
561 80 0 800 1.143000
562 90 0 800 1.143000
563 100 0 800 1.143000
564 110 0 800 1.143000
565 120 0 800 1.143000
566 130 0 800 1.143000
567 140 0 800 1.143000
568 150 0 800 1.143000
569 160 0 800 1.143000
570 170 0 800 1.143000
571 180 0 800 1.143000
572 190 0 800 1.143000
573 200 0 800 1.143000
574 210 0 800 1.143000
575 220 0 800 1.143000
576 230 0 800 1.143000
577 240 0 800 1.143000
578 250 0 800 1.143000
579 260 0 800 1.143000
580 270 0 800 1.143000
581 280 0 800 1.143000
582 290 0 800 1.143000
583 300 0 800 1.143000
584 310 0 800 1.143000
585 320 0 800 1.143000
586 330 0 800 1.143000
587 340 0 800 1.143000
588 350 0 800 1.143000
589 360 0 800 1.143000
590 370 0 800 1.143000
591 380 0 800 1.143000
592 390 0 800 1.143000
593 400 0 800 1.143000
594 410 0 800 1.143000
595 420 0 800 1.143000
596 430 0 800 1.143000
597 440 0 800 1.143000
598 450 0 800 1.143000
599 460 0 800 1.143000
600 470 0 800 1.143000
601 480 0 800 1.143000
602 490 0 800 1.143000
603 500 0 800 1.143000
604 510 0 800 1.143000
605 520 0 800 1.143000
606 530 0 800 1.143000
607 540 0 800 1.143000
608 550 0 800 1.143000
609 560 0 800 1.143000
610 570 0 800 1.143000
611 580 0 800 1.143000
612 590 0 800 1.143000
613 600 0 800 1.143000
614 610 0 800 1.143000
615 620 0 800 1.143000
616 630 0 800 1.143000
617 640 0 800 1.143000
618 650 0 800 1.143000
619 660 0 800 1.143000
620 670 0 800 1.143000
621 680 0 800 1.143000
622 690 0 800 1.143000
623 700 0 800 1.143000
624 710 0 800 1.143000
625 720 0 800 1.143000
626 730 0 800 1.143000
627 740 0 800 1.143000
628 750 0 800 1.143000
629 760 0 800 1.143000
630 770 0 800 1.143000
631 780 0 800 1.143000
632 790 0 800 1.143000
633 10 0 800 1.286000
634 20 0 800 1.286000
635 30 0 800 1.286000
636 40 0 800 1.286000
637 50 0 800 1.286000
638 60 0 800 1.286000
639 70 0 800 1.286000
640 80 0 800 1.286000
641 90 0 800 1.286000
642 100 0 800 1.286000
643 110 0 800 1.286000
644 120 0 800 1.286000
645 130 0 800 1.286000
646 140 0 800 1.286000
647 150 0 800 1.286000
648 160 0 800 1.286000
649 170 0 800 1.286000
650 180 0 800 1.286000
651 190 0 800 1.286000
652 200 0 800 1.286000
653 210 0 800 1.286000
654 220 0 800 1.286000
655 230 0 800 1.286000
656 240 0 800 1.286000
657 250 0 800 1.286000
658 260 0 800 1.286000
659 270 0 800 1.286000
660 280 0 800 1.286000
661 290 0 800 1.286000
662 300 0 800 1.286000
663 310 0 800 1.286000
664 320 0 800 1.286000
665 330 0 800 1.286000
666 340 0 800 1.286000
667 350 0 800 1.286000
668 360 0 800 1.286000
669 370 0 800 1.286000
670 380 0 800 1.286000
671 390 0 800 1.286000
672 400 0 800 1.286000
673 410 0 800 1.286000
674 420 0 800 1.286000
675 430 0 800 1.286000
676 440 0 800 1.286000
677 450 0 800 1.286000
678 460 0 800 1.286000
679 470 0 800 1.286000
680 480 0 800 1.286000
681 490 0 800 1.286000
682 500 0 800 1.286000
683 510 0 800 1.286000
684 520 0 800 1.286000
685 530 0 800 1.286000
686 540 0 800 1.286000
687 550 0 800 1.286000
688 560 0 800 1.286000
689 570 0 800 1.286000
690 580 0 800 1.286000
691 590 0 800 1.286000
692 600 0 800 1.286000
693 610 0 800 1.286000
694 620 0 800 1.286000
695 630 0 800 1.286000
696 640 0 800 1.286000
697 650 0 800 1.286000
698 660 0 800 1.286000
699 670 0 800 1.286000
700 680 0 800 1.286000
701 690 0 800 1.286000
702 700 0 800 1.286000
703 710 0 800 1.286000
704 720 0 800 1.286000
705 730 0 800 1.286000
706 740 0 800 1.286000
707 750 0 800 1.286000
708 760 0 800 1.286000
709 770 0 800 1.286000
710 780 0 800 1.286000
711 790 0 800 1.286000
712 10 0 800 1.428000
713 20 0 800 1.428000
714 30 0 800 1.428000
715 40 0 800 1.428000
716 50 0 800 1.428000
717 60 0 800 1.428000
718 70 0 800 1.428000
719 80 0 800 1.428000
720 90 0 800 1.428000
721 100 0 800 1.428000
722 110 0 800 1.428000
723 120 0 800 1.428000
724 130 0 800 1.428000
725 140 0 800 1.428000
726 150 0 800 1.428000
727 160 0 800 1.428000
728 170 0 800 1.428000
729 180 0 800 1.428000
730 190 0 800 1.428000
731 200 0 800 1.428000
732 210 0 800 1.428000
733 220 0 800 1.428000
734 230 0 800 1.428000
735 240 0 800 1.428000
736 250 0 800 1.428000
737 260 0 800 1.428000
738 270 0 800 1.428000
739 280 0 800 1.428000
740 290 0 800 1.428000
741 300 0 800 1.428000
742 310 0 800 1.428000
743 320 0 800 1.428000
744 330 0 800 1.428000
745 340 0 800 1.428000
746 350 0 800 1.428000
747 360 0 800 1.428000
748 370 0 800 1.428000
749 380 0 800 1.428000
750 390 0 800 1.428000
751 400 0 800 1.428000
752 410 0 800 1.428000
753 420 0 800 1.428000
754 430 0 800 1.428000
755 440 0 800 1.428000
756 450 0 800 1.428000
757 460 0 800 1.428000
758 470 0 800 1.428000
759 480 0 800 1.428000
760 490 0 800 1.428000
761 500 0 800 1.428000
762 510 0 800 1.428000
763 520 0 800 1.428000
764 530 0 800 1.428000
765 540 0 800 1.428000
766 550 0 800 1.428000
767 560 0 800 1.428000
768 570 0 800 1.428000
769 580 0 800 1.428000
770 590 0 800 1.428000
771 600 0 800 1.428000
772 610 0 800 1.428000
773 620 0 800 1.428000
774 630 0 800 1.428000
775 640 0 800 1.428000
776 650 0 800 1.428000
777 660 0 800 1.428000
778 670 0 800 1.428000
779 680 0 800 1.428000
780 690 0 800 1.428000
781 700 0 800 1.428000
782 710 0 800 1.428000
783 720 0 800 1.428000
784 730 0 800 1.428000
785 740 0 800 1.428000
786 750 0 800 1.428000
787 760 0 800 1.428000
788 770 0 800 1.428000
789 780 0 800 1.428000
790 790 0 800 1.428000
791 10 0 800 1.571000
792 20 0 800 1.571000
793 30 0 800 1.571000
794 40 0 800 1.571000
795 50 0 800 1.571000
796 60 0 800 1.571000
797 70 0 800 1.571000
798 80 0 800 1.571000
799 90 0 800 1.571000
800 100 0 800 1.571000
801 110 0 800 1.571000
802 120 0 800 1.571000
803 130 0 800 1.571000
804 140 0 800 1.571000
805 150 0 800 1.571000
806 160 0 800 1.571000
807 170 0 800 1.571000
808 180 0 800 1.571000
809 190 0 800 1.571000
810 200 0 800 1.571000
811 210 0 800 1.571000
812 220 0 800 1.571000
813 230 0 800 1.571000
814 240 0 800 1.571000
815 250 0 800 1.571000
816 260 0 800 1.571000
817 270 0 800 1.571000
818 280 0 800 1.571000
819 290 0 800 1.571000
820 300 0 800 1.571000
821 310 0 800 1.571000
822 320 0 800 1.571000
823 330 0 800 1.571000
824 340 0 800 1.571000
825 350 0 800 1.571000
826 360 0 800 1.571000
827 370 0 800 1.571000
828 380 0 800 1.571000
829 390 0 800 1.571000
830 400 0 800 1.571000
831 410 0 800 1.571000
832 420 0 800 1.571000
833 430 0 800 1.571000
834 440 0 800 1.571000
835 450 0 800 1.571000
836 460 0 800 1.571000
837 470 0 800 1.571000
838 480 0 800 1.571000
839 490 0 800 1.571000
840 500 0 800 1.571000
841 510 0 800 1.571000
842 520 0 800 1.571000
843 530 0 800 1.571000
844 540 0 800 1.571000
845 550 0 800 1.571000
846 560 0 800 1.571000
847 570 0 800 1.571000
848 580 0 800 1.571000
849 590 0 800 1.571000
850 600 0 800 1.571000
851 610 0 800 1.571000
852 620 0 800 1.571000
853 630 0 800 1.571000
854 640 0 800 1.571000
855 650 0 800 1.571000
856 660 0 800 1.571000
857 670 0 800 1.571000
858 680 0 800 1.571000
859 690 0 800 1.571000
860 700 0 800 1.571000
861 710 0 800 1.571000
862 720 0 800 1.571000
863 730 0 800 1.571000
864 740 0 800 1.571000
865 750 0 800 1.571000
866 760 0 800 1.571000
867 770 0 800 1.571000
868 780 0 800 1.571000
869 790 0 800 1.571000
870 10 0 800 1.714000
871 20 0 800 1.714000
872 30 0 800 1.714000
873 40 0 800 1.714000
874 50 0 800 1.714000
875 60 0 800 1.714000
876 70 0 800 1.714000
877 80 0 800 1.714000
878 90 0 800 1.714000
879 100 0 800 1.714000
880 110 0 800 1.714000
881 120 0 800 1.714000
882 130 0 800 1.714000
883 140 0 800 1.714000
884 150 0 800 1.714000
885 160 0 800 1.714000
886 170 0 800 1.714000
887 180 0 800 1.714000
888 190 0 800 1.714000
889 200 0 800 1.714000
890 210 0 800 1.714000
891 220 0 800 1.714000
892 230 0 800 1.714000
893 240 0 800 1.714000
894 250 0 800 1.714000
895 260 0 800 1.714000
896 270 0 800 1.714000
897 280 0 800 1.714000
898 290 0 800 1.714000
899 300 0 800 1.714000
900 310 0 800 1.714000
901 320 0 800 1.714000
902 330 0 800 1.714000
903 340 0 800 1.714000
904 350 0 800 1.714000
905 360 0 800 1.714000
906 370 0 800 1.714000
907 380 0 800 1.714000
908 390 0 800 1.714000
909 400 0 800 1.714000
910 410 0 800 1.714000
911 420 0 800 1.714000
912 430 0 800 1.714000
913 440 0 800 1.714000
914 450 0 800 1.714000
915 460 0 800 1.714000
916 470 0 800 1.714000
917 480 0 800 1.714000
918 490 0 800 1.714000
919 500 0 800 1.714000
920 510 0 800 1.714000
921 520 0 800 1.714000
922 530 0 800 1.714000
923 540 0 800 1.714000
924 550 0 800 1.714000
925 560 0 800 1.714000
926 570 0 800 1.714000
927 580 0 800 1.714000
928 590 0 800 1.714000
929 600 0 800 1.714000
930 610 0 800 1.714000
931 620 0 800 1.714000
932 630 0 800 1.714000
933 640 0 800 1.714000
934 650 0 800 1.714000
935 660 0 800 1.714000
936 670 0 800 1.714000
937 680 0 800 1.714000
938 690 0 800 1.714000
939 700 0 800 1.714000
940 710 0 800 1.714000
941 720 0 800 1.714000
942 730 0 800 1.714000
943 740 0 800 1.714000
944 750 0 800 1.714000
945 760 0 800 1.714000
946 770 0 800 1.714000
947 780 0 800 1.714000
948 790 0 800 1.714000
949 10 0 800 1.857000
950 20 0 800 1.857000
951 30 0 800 1.857000
952 40 0 800 1.857000
953 50 0 800 1.857000
954 60 0 800 1.857000
955 70 0 800 1.857000
956 80 0 800 1.857000
957 90 0 800 1.857000
958 100 0 800 1.857000
959 110 0 800 1.857000
960 120 0 800 1.857000
961 130 0 800 1.857000
962 140 0 800 1.857000
963 150 0 800 1.857000
964 160 0 800 1.857000
965 170 0 800 1.857000
966 180 0 800 1.857000
967 190 0 800 1.857000
968 200 0 800 1.857000
969 210 0 800 1.857000
970 220 0 800 1.857000
971 230 0 800 1.857000
972 240 0 800 1.857000
973 250 0 800 1.857000
974 260 0 800 1.857000
975 270 0 800 1.857000
976 280 0 800 1.857000
977 290 0 800 1.857000
978 300 0 800 1.857000
979 310 0 800 1.857000
980 320 0 800 1.857000
981 330 0 800 1.857000
982 340 0 800 1.857000
983 350 0 800 1.857000
984 360 0 800 1.857000
985 370 0 800 1.857000
986 380 0 800 1.857000
987 390 0 800 1.857000
988 400 0 800 1.857000
989 410 0 800 1.857000
990 420 0 800 1.857000
991 430 0 800 1.857000
992 440 0 800 1.857000
993 450 0 800 1.857000
994 460 0 800 1.857000
995 470 0 800 1.857000
996 480 0 800 1.857000
997 490 0 800 1.857000
998 500 0 800 1.857000
999 510 0 800 1.857000
1000 520 0 800 1.857000
1001 530 0 800 1.857000
1002 540 0 800 1.857000
1003 550 0 800 1.857000
1004 560 0 800 1.857000
1005 570 0 800 1.857000
1006 580 0 800 1.857000
1007 590 0 800 1.857000
1008 600 0 800 1.857000
1009 610 0 800 1.857000
1010 620 0 800 1.857000
1011 630 0 800 1.857000
1012 640 0 800 1.857000
1013 650 0 800 1.857000
1014 660 0 800 1.857000
1015 670 0 800 1.857000
1016 680 0 800 1.857000
1017 690 0 800 1.857000
1018 700 0 800 1.857000
1019 710 0 800 1.857000
1020 720 0 800 1.857000
1021 730 0 800 1.857000
1022 740 0 800 1.857000
1023 750 0 800 1.857000
1024 760 0 800 1.857000
1025 770 0 800 1.857000
1026 780 0 800 1.857000
1027 790 0 800 1.857000
1028 10 0 800 2.000000
1029 20 0 800 2.000000
1030 30 0 800 2.000000
1031 40 0 800 2.000000
1032 50 0 800 2.000000
1033 60 0 800 2.000000
1034 70 0 800 2.000000
1035 80 0 800 2.000000
1036 90 0 800 2.000000
1037 100 0 800 2.000000
1038 110 0 800 2.000000
1039 120 0 800 2.000000
1040 130 0 800 2.000000
1041 140 0 800 2.000000
1042 150 0 800 2.000000
1043 160 0 800 2.000000
1044 170 0 800 2.000000
1045 180 0 800 2.000000
1046 190 0 800 2.000000
1047 200 0 800 2.000000
1048 210 0 800 2.000000
1049 220 0 800 2.000000
1050 230 0 800 2.000000
1051 240 0 800 2.000000
1052 250 0 800 2.000000
1053 260 0 800 2.000000
1054 270 0 800 2.000000
1055 280 0 800 2.000000
1056 290 0 800 2.000000
1057 300 0 800 2.000000
1058 310 0 800 2.000000
1059 320 0 800 2.000000
1060 330 0 800 2.000000
1061 340 0 800 2.000000
1062 350 0 800 2.000000
1063 360 0 800 2.000000
1064 370 0 800 2.000000
1065 380 0 800 2.000000
1066 390 0 800 2.000000
1067 400 0 800 2.000000
1068 410 0 800 2.000000
1069 420 0 800 2.000000
1070 430 0 800 2.000000
1071 440 0 800 2.000000
1072 450 0 800 2.000000
1073 460 0 800 2.000000
1074 470 0 800 2.000000
1075 480 0 800 2.000000
1076 490 0 800 2.000000
1077 500 0 800 2.000000
1078 510 0 800 2.000000
1079 520 0 800 2.000000
1080 530 0 800 2.000000
1081 540 0 800 2.000000
1082 550 0 800 2.000000
1083 560 0 800 2.000000
1084 570 0 800 2.000000
1085 580 0 800 2.000000
1086 590 0 800 2.000000
1087 600 0 800 2.000000
1088 610 0 800 2.000000
1089 620 0 800 2.000000
1090 630 0 800 2.000000
1091 640 0 800 2.000000
1092 650 0 800 2.000000
1093 660 0 800 2.000000
1094 670 0 800 2.000000
1095 680 0 800 2.000000
1096 690 0 800 2.000000
1097 700 0 800 2.000000
1098 710 0 800 2.000000
1099 720 0 800 2.000000
1100 730 0 800 2.000000
1101 740 0 800 2.000000
1102 750 0 800 2.000000
1103 760 0 800 2.000000
1104 770 0 800 2.000000
1105 780 0 800 2.000000
1106 790 0 800 2.000000
1107 10 0 800 2.286000
1108 20 0 800 2.286000
1109 30 0 800 2.286000
1110 40 0 800 2.286000
1111 50 0 800 2.286000
1112 60 0 800 2.286000
1113 70 0 800 2.286000
1114 80 0 800 2.286000
1115 90 0 800 2.286000
1116 100 0 800 2.286000
1117 110 0 800 2.286000
1118 120 0 800 2.286000
1119 130 0 800 2.286000
1120 140 0 800 2.286000
1121 150 0 800 2.286000
1122 160 0 800 2.286000
1123 170 0 800 2.286000
1124 180 0 800 2.286000
1125 190 0 800 2.286000
1126 200 0 800 2.286000
1127 210 0 800 2.286000
1128 220 0 800 2.286000
1129 230 0 800 2.286000
1130 240 0 800 2.286000
1131 250 0 800 2.286000
1132 260 0 800 2.286000
1133 270 0 800 2.286000
1134 280 0 800 2.286000
1135 290 0 800 2.286000
1136 300 0 800 2.286000
1137 310 0 800 2.286000
1138 320 0 800 2.286000
1139 330 0 800 2.286000
1140 340 0 800 2.286000
1141 350 0 800 2.286000
1142 360 0 800 2.286000
1143 370 0 800 2.286000
1144 380 0 800 2.286000
1145 390 0 800 2.286000
1146 400 0 800 2.286000
1147 410 0 800 2.286000
1148 420 0 800 2.286000
1149 430 0 800 2.286000
1150 440 0 800 2.286000
1151 450 0 800 2.286000
1152 460 0 800 2.286000
1153 470 0 800 2.286000
1154 480 0 800 2.286000
1155 490 0 800 2.286000
1156 500 0 800 2.286000
1157 510 0 800 2.286000
1158 520 0 800 2.286000
1159 530 0 800 2.286000
1160 540 0 800 2.286000
1161 550 0 800 2.286000
1162 560 0 800 2.286000
1163 570 0 800 2.286000
1164 580 0 800 2.286000
1165 590 0 800 2.286000
1166 600 0 800 2.286000
1167 610 0 800 2.286000
1168 620 0 800 2.286000
1169 630 0 800 2.286000
1170 640 0 800 2.286000
1171 650 0 800 2.286000
1172 660 0 800 2.286000
1173 670 0 800 2.286000
1174 680 0 800 2.286000
1175 690 0 800 2.286000
1176 700 0 800 2.286000
1177 710 0 800 2.286000
1178 720 0 800 2.286000
1179 730 0 800 2.286000
1180 740 0 800 2.286000
1181 750 0 800 2.286000
1182 760 0 800 2.286000
1183 770 0 800 2.286000
1184 780 0 800 2.286000
1185 790 0 800 2.286000
1186 10 0 800 2.571000
1187 20 0 800 2.571000
1188 30 0 800 2.571000
1189 40 0 800 2.571000
1190 50 0 800 2.571000
1191 60 0 800 2.571000
1192 70 0 800 2.571000
1193 80 0 800 2.571000
1194 90 0 800 2.571000
1195 100 0 800 2.571000
1196 110 0 800 2.571000
1197 120 0 800 2.571000
1198 130 0 800 2.571000
1199 140 0 800 2.571000
1200 150 0 800 2.571000
1201 160 0 800 2.571000
1202 170 0 800 2.571000
1203 180 0 800 2.571000
1204 190 0 800 2.571000
1205 200 0 800 2.571000
1206 210 0 800 2.571000
1207 220 0 800 2.571000
1208 230 0 800 2.571000
1209 240 0 800 2.571000
1210 250 0 800 2.571000
1211 260 0 800 2.571000
1212 270 0 800 2.571000
1213 280 0 800 2.571000
1214 290 0 800 2.571000
1215 300 0 800 2.571000
1216 310 0 800 2.571000
1217 320 0 800 2.571000
1218 330 0 800 2.571000
1219 340 0 800 2.571000
1220 350 0 800 2.571000
1221 360 0 800 2.571000
1222 370 0 800 2.571000
1223 380 0 800 2.571000
1224 390 0 800 2.571000
1225 400 0 800 2.571000
1226 410 0 800 2.571000
1227 420 0 800 2.571000
1228 430 0 800 2.571000
1229 440 0 800 2.571000
1230 450 0 800 2.571000
1231 460 0 800 2.571000
1232 470 0 800 2.571000
1233 480 0 800 2.571000
1234 490 0 800 2.571000
1235 500 0 800 2.571000
1236 510 0 800 2.571000
1237 520 0 800 2.571000
1238 530 0 800 2.571000
1239 540 0 800 2.571000
1240 550 0 800 2.571000
1241 560 0 800 2.571000
1242 570 0 800 2.571000
1243 580 0 800 2.571000
1244 590 0 800 2.571000
1245 600 0 800 2.571000
1246 610 0 800 2.571000
1247 620 0 800 2.571000
1248 630 0 800 2.571000
1249 640 0 800 2.571000
1250 650 0 800 2.571000
1251 660 0 800 2.571000
1252 670 0 800 2.571000
1253 680 0 800 2.571000
1254 690 0 800 2.571000
1255 700 0 800 2.571000
1256 710 0 800 2.571000
1257 720 0 800 2.571000
1258 730 0 800 2.571000
1259 740 0 800 2.571000
1260 750 0 800 2.571000
1261 760 0 800 2.571000
1262 770 0 800 2.571000
1263 780 0 800 2.571000
1264 790 0 800 2.571000
1265 10 0 800 3.000000
1266 20 0 800 3.000000
1267 30 0 800 3.000000
1268 40 0 800 3.000000
1269 50 0 800 3.000000
1270 60 0 800 3.000000
1271 70 0 800 3.000000
1272 80 0 800 3.000000
1273 90 0 800 3.000000
1274 100 0 800 3.000000
1275 110 0 800 3.000000
1276 120 0 800 3.000000
1277 130 0 800 3.000000
1278 140 0 800 3.000000
1279 150 0 800 3.000000
1280 160 0 800 3.000000
1281 170 0 800 3.000000
1282 180 0 800 3.000000
1283 190 0 800 3.000000
1284 200 0 800 3.000000
1285 210 0 800 3.000000
1286 220 0 800 3.000000
1287 230 0 800 3.000000
1288 240 0 800 3.000000
1289 250 0 800 3.000000
1290 260 0 800 3.000000
1291 270 0 800 3.000000
1292 280 0 800 3.000000
1293 290 0 800 3.000000
1294 300 0 800 3.000000
1295 310 0 800 3.000000
1296 320 0 800 3.000000
1297 330 0 800 3.000000
1298 340 0 800 3.000000
1299 350 0 800 3.000000
1300 360 0 800 3.000000
1301 370 0 800 3.000000
1302 380 0 800 3.000000
1303 390 0 800 3.000000
1304 400 0 800 3.000000
1305 410 0 800 3.000000
1306 420 0 800 3.000000
1307 430 0 800 3.000000
1308 440 0 800 3.000000
1309 450 0 800 3.000000
1310 460 0 800 3.000000
1311 470 0 800 3.000000
1312 480 0 800 3.000000
1313 490 0 800 3.000000
1314 500 0 800 3.000000
1315 510 0 800 3.000000
1316 520 0 800 3.000000
1317 530 0 800 3.000000
1318 540 0 800 3.000000
1319 550 0 800 3.000000
1320 560 0 800 3.000000
1321 570 0 800 3.000000
1322 580 0 800 3.000000
1323 590 0 800 3.000000
1324 600 0 800 3.000000
1325 610 0 800 3.000000
1326 620 0 800 3.000000
1327 630 0 800 3.000000
1328 640 0 800 3.000000
1329 650 0 800 3.000000
1330 660 0 800 3.000000
1331 670 0 800 3.000000
1332 680 0 800 3.000000
1333 690 0 800 3.000000
1334 700 0 800 3.000000
1335 710 0 800 3.000000
1336 720 0 800 3.000000
1337 730 0 800 3.000000
1338 740 0 800 3.000000
1339 750 0 800 3.000000
1340 760 0 800 3.000000
1341 770 0 800 3.000000
1342 780 0 800 3.000000
1343 790 0 800 3.000000
1344 10 0 800 3.500000
1345 20 0 800 3.500000
1346 30 0 800 3.500000
1347 40 0 800 3.500000
1348 50 0 800 3.500000
1349 60 0 800 3.500000
1350 70 0 800 3.500000
1351 80 0 800 3.500000
1352 90 0 800 3.500000
1353 100 0 800 3.500000
1354 110 0 800 3.500000
1355 120 0 800 3.500000
1356 130 0 800 3.500000
1357 140 0 800 3.500000
1358 150 0 800 3.500000
1359 160 0 800 3.500000
1360 170 0 800 3.500000
1361 180 0 800 3.500000
1362 190 0 800 3.500000
1363 200 0 800 3.500000
1364 210 0 800 3.500000
1365 220 0 800 3.500000
1366 230 0 800 3.500000
1367 240 0 800 3.500000
1368 250 0 800 3.500000
1369 260 0 800 3.500000
1370 270 0 800 3.500000
1371 280 0 800 3.500000
1372 290 0 800 3.500000
1373 300 0 800 3.500000
1374 310 0 800 3.500000
1375 320 0 800 3.500000
1376 330 0 800 3.500000
1377 340 0 800 3.500000
1378 350 0 800 3.500000
1379 360 0 800 3.500000
1380 370 0 800 3.500000
1381 380 0 800 3.500000
1382 390 0 800 3.500000
1383 400 0 800 3.500000
1384 410 0 800 3.500000
1385 420 0 800 3.500000
1386 430 0 800 3.500000
1387 440 0 800 3.500000
1388 450 0 800 3.500000
1389 460 0 800 3.500000
1390 470 0 800 3.500000
1391 480 0 800 3.500000
1392 490 0 800 3.500000
1393 500 0 800 3.500000
1394 510 0 800 3.500000
1395 520 0 800 3.500000
1396 530 0 800 3.500000
1397 540 0 800 3.500000
1398 550 0 800 3.500000
1399 560 0 800 3.500000
1400 570 0 800 3.500000
1401 580 0 800 3.500000
1402 590 0 800 3.500000
1403 600 0 800 3.500000
1404 610 0 800 3.500000
1405 620 0 800 3.500000
1406 630 0 800 3.500000
1407 640 0 800 3.500000
1408 650 0 800 3.500000
1409 660 0 800 3.500000
1410 670 0 800 3.500000
1411 680 0 800 3.500000
1412 690 0 800 3.500000
1413 700 0 800 3.500000
1414 710 0 800 3.500000
1415 720 0 800 3.500000
1416 730 0 800 3.500000
1417 740 0 800 3.500000
1418 750 0 800 3.500000
1419 760 0 800 3.500000
1420 770 0 800 3.500000
1421 780 0 800 3.500000
1422 790 0 800 3.500000
1423 10 0 800 4.000000
1424 20 0 800 4.000000
1425 30 0 800 4.000000
1426 40 0 800 4.000000
1427 50 0 800 4.000000
1428 60 0 800 4.000000
1429 70 0 800 4.000000
1430 80 0 800 4.000000
1431 90 0 800 4.000000
1432 100 0 800 4.000000
1433 110 0 800 4.000000
1434 120 0 800 4.000000
1435 130 0 800 4.000000
1436 140 0 800 4.000000
1437 150 0 800 4.000000
1438 160 0 800 4.000000
1439 170 0 800 4.000000
1440 180 0 800 4.000000
1441 190 0 800 4.000000
1442 200 0 800 4.000000
1443 210 0 800 4.000000
1444 220 0 800 4.000000
1445 230 0 800 4.000000
1446 240 0 800 4.000000
1447 250 0 800 4.000000
1448 260 0 800 4.000000
1449 270 0 800 4.000000
1450 280 0 800 4.000000
1451 290 0 800 4.000000
1452 300 0 800 4.000000
1453 310 0 800 4.000000
1454 320 0 800 4.000000
1455 330 0 800 4.000000
1456 340 0 800 4.000000
1457 350 0 800 4.000000
1458 360 0 800 4.000000
1459 370 0 800 4.000000
1460 380 0 800 4.000000
1461 390 0 800 4.000000
1462 400 0 800 4.000000
1463 410 0 800 4.000000
1464 420 0 800 4.000000
1465 430 0 800 4.000000
1466 440 0 800 4.000000
1467 450 0 800 4.000000
1468 460 0 800 4.000000
1469 470 0 800 4.000000
1470 480 0 800 4.000000
1471 490 0 800 4.000000
1472 500 0 800 4.000000
1473 510 0 800 4.000000
1474 520 0 800 4.000000
1475 530 0 800 4.000000
1476 540 0 800 4.000000
1477 550 0 800 4.000000
1478 560 0 800 4.000000
1479 570 0 800 4.000000
1480 580 0 800 4.000000
1481 590 0 800 4.000000
1482 600 0 800 4.000000
1483 610 0 800 4.000000
1484 620 0 800 4.000000
1485 630 0 800 4.000000
1486 640 0 800 4.000000
1487 650 0 800 4.000000
1488 660 0 800 4.000000
1489 670 0 800 4.000000
1490 680 0 800 4.000000
1491 690 0 800 4.000000
1492 700 0 800 4.000000
1493 710 0 800 4.000000
1494 720 0 800 4.000000
1495 730 0 800 4.000000
1496 740 0 800 4.000000
1497 750 0 800 4.000000
1498 760 0 800 4.000000
1499 770 0 800 4.000000
1500 780 0 800 4.000000
1501 790 0 800 4.000000
1502 10 0 800 4.500000
1503 20 0 800 4.500000
1504 30 0 800 4.500000
1505 40 0 800 4.500000
1506 50 0 800 4.500000
1507 60 0 800 4.500000
1508 70 0 800 4.500000
1509 80 0 800 4.500000
1510 90 0 800 4.500000
1511 100 0 800 4.500000
1512 110 0 800 4.500000
1513 120 0 800 4.500000
1514 130 0 800 4.500000
1515 140 0 800 4.500000
1516 150 0 800 4.500000
1517 160 0 800 4.500000
1518 170 0 800 4.500000
1519 180 0 800 4.500000
1520 190 0 800 4.500000
1521 200 0 800 4.500000
1522 210 0 800 4.500000
1523 220 0 800 4.500000
1524 230 0 800 4.500000
1525 240 0 800 4.500000
1526 250 0 800 4.500000
1527 260 0 800 4.500000
1528 270 0 800 4.500000
1529 280 0 800 4.500000
1530 290 0 800 4.500000
1531 300 0 800 4.500000
1532 310 0 800 4.500000
1533 320 0 800 4.500000
1534 330 0 800 4.500000
1535 340 0 800 4.500000
1536 350 0 800 4.500000
1537 360 0 800 4.500000
1538 370 0 800 4.500000
1539 380 0 800 4.500000
1540 390 0 800 4.500000
1541 400 0 800 4.500000
1542 410 0 800 4.500000
1543 420 0 800 4.500000
1544 430 0 800 4.500000
1545 440 0 800 4.500000
1546 450 0 800 4.500000
1547 460 0 800 4.500000
1548 470 0 800 4.500000
1549 480 0 800 4.500000
1550 490 0 800 4.500000
1551 500 0 800 4.500000
1552 510 0 800 4.500000
1553 520 0 800 4.500000
1554 530 0 800 4.500000
1555 540 0 800 4.500000
1556 550 0 800 4.500000
1557 560 0 800 4.500000
1558 570 0 800 4.500000
1559 580 0 800 4.500000
1560 590 0 800 4.500000
1561 600 0 800 4.500000
1562 610 0 800 4.500000
1563 620 0 800 4.500000
1564 630 0 800 4.500000
1565 640 0 800 4.500000
1566 650 0 800 4.500000
1567 660 0 800 4.500000
1568 670 0 800 4.500000
1569 680 0 800 4.500000
1570 690 0 800 4.500000
1571 700 0 800 4.500000
1572 710 0 800 4.500000
1573 720 0 800 4.500000
1574 730 0 800 4.500000
1575 740 0 800 4.500000
1576 750 0 800 4.500000
1577 760 0 800 4.500000
1578 770 0 800 4.500000
1579 780 0 800 4.500000
1580 790 0 800 4.500000
1581 10 0 800 5.000000
1582 20 0 800 5.000000
1583 30 0 800 5.000000
1584 40 0 800 5.000000
1585 50 0 800 5.000000
1586 60 0 800 5.000000
1587 70 0 800 5.000000
1588 80 0 800 5.000000
1589 90 0 800 5.000000
1590 100 0 800 5.000000
1591 110 0 800 5.000000
1592 120 0 800 5.000000
1593 130 0 800 5.000000
1594 140 0 800 5.000000
1595 150 0 800 5.000000
1596 160 0 800 5.000000
1597 170 0 800 5.000000
1598 180 0 800 5.000000
1599 190 0 800 5.000000
1600 200 0 800 5.000000
1601 210 0 800 5.000000
1602 220 0 800 5.000000
1603 230 0 800 5.000000
1604 240 0 800 5.000000
1605 250 0 800 5.000000
1606 260 0 800 5.000000
1607 270 0 800 5.000000
1608 280 0 800 5.000000
1609 290 0 800 5.000000
1610 300 0 800 5.000000
1611 310 0 800 5.000000
1612 320 0 800 5.000000
1613 330 0 800 5.000000
1614 340 0 800 5.000000
1615 350 0 800 5.000000
1616 360 0 800 5.000000
1617 370 0 800 5.000000
1618 380 0 800 5.000000
1619 390 0 800 5.000000
1620 400 0 800 5.000000
1621 410 0 800 5.000000
1622 420 0 800 5.000000
1623 430 0 800 5.000000
1624 440 0 800 5.000000
1625 450 0 800 5.000000
1626 460 0 800 5.000000
1627 470 0 800 5.000000
1628 480 0 800 5.000000
1629 490 0 800 5.000000
1630 500 0 800 5.000000
1631 510 0 800 5.000000
1632 520 0 800 5.000000
1633 530 0 800 5.000000
1634 540 0 800 5.000000
1635 550 0 800 5.000000
1636 560 0 800 5.000000
1637 570 0 800 5.000000
1638 580 0 800 5.000000
1639 590 0 800 5.000000
1640 600 0 800 5.000000
1641 610 0 800 5.000000
1642 620 0 800 5.000000
1643 630 0 800 5.000000
1644 640 0 800 5.000000
1645 650 0 800 5.000000
1646 660 0 800 5.000000
1647 670 0 800 5.000000
1648 680 0 800 5.000000
1649 690 0 800 5.000000
1650 700 0 800 5.000000
1651 710 0 800 5.000000
1652 720 0 800 5.000000
1653 730 0 800 5.000000
1654 740 0 800 5.000000
1655 750 0 800 5.000000
1656 760 0 800 5.000000
1657 770 0 800 5.000000
1658 780 0 800 5.000000
1659 790 0 800 5.000000
1660 10 0 800 6.000000
1661 20 0 800 6.000000
1662 30 0 800 6.000000
1663 40 0 800 6.000000
1664 50 0 800 6.000000
1665 60 0 800 6.000000
1666 70 0 800 6.000000
1667 80 0 800 6.000000
1668 90 0 800 6.000000
1669 100 0 800 6.000000
1670 110 0 800 6.000000
1671 120 0 800 6.000000
1672 130 0 800 6.000000
1673 140 0 800 6.000000
1674 150 0 800 6.000000
1675 160 0 800 6.000000
1676 170 0 800 6.000000
1677 180 0 800 6.000000
1678 190 0 800 6.000000
1679 200 0 800 6.000000
1680 210 0 800 6.000000
1681 220 0 800 6.000000
1682 230 0 800 6.000000
1683 240 0 800 6.000000
1684 250 0 800 6.000000
1685 260 0 800 6.000000
1686 270 0 800 6.000000
1687 280 0 800 6.000000
1688 290 0 800 6.000000
1689 300 0 800 6.000000
1690 310 0 800 6.000000
1691 320 0 800 6.000000
1692 330 0 800 6.000000
1693 340 0 800 6.000000
1694 350 0 800 6.000000
1695 360 0 800 6.000000
1696 370 0 800 6.000000
1697 380 0 800 6.000000
1698 390 0 800 6.000000
1699 400 0 800 6.000000
1700 410 0 800 6.000000
1701 420 0 800 6.000000
1702 430 0 800 6.000000
1703 440 0 800 6.000000
1704 450 0 800 6.000000
1705 460 0 800 6.000000
1706 470 0 800 6.000000
1707 480 0 800 6.000000
1708 490 0 800 6.000000
1709 500 0 800 6.000000
1710 510 0 800 6.000000
1711 520 0 800 6.000000
1712 530 0 800 6.000000
1713 540 0 800 6.000000
1714 550 0 800 6.000000
1715 560 0 800 6.000000
1716 570 0 800 6.000000
1717 580 0 800 6.000000
1718 590 0 800 6.000000
1719 600 0 800 6.000000
1720 610 0 800 6.000000
1721 620 0 800 6.000000
1722 630 0 800 6.000000
1723 640 0 800 6.000000
1724 650 0 800 6.000000
1725 660 0 800 6.000000
1726 670 0 800 6.000000
1727 680 0 800 6.000000
1728 690 0 800 6.000000
1729 700 0 800 6.000000
1730 710 0 800 6.000000
1731 720 0 800 6.000000
1732 730 0 800 6.000000
1733 740 0 800 6.000000
1734 750 0 800 6.000000
1735 760 0 800 6.000000
1736 770 0 800 6.000000
1737 780 0 800 6.000000
1738 790 0 800 6.000000
1739 10 0 800 7.000000
1740 20 0 800 7.000000
1741 30 0 800 7.000000
1742 40 0 800 7.000000
1743 50 0 800 7.000000
1744 60 0 800 7.000000
1745 70 0 800 7.000000
1746 80 0 800 7.000000
1747 90 0 800 7.000000
1748 100 0 800 7.000000
1749 110 0 800 7.000000
1750 120 0 800 7.000000
1751 130 0 800 7.000000
1752 140 0 800 7.000000
1753 150 0 800 7.000000
1754 160 0 800 7.000000
1755 170 0 800 7.000000
1756 180 0 800 7.000000
1757 190 0 800 7.000000
1758 200 0 800 7.000000
1759 210 0 800 7.000000
1760 220 0 800 7.000000
1761 230 0 800 7.000000
1762 240 0 800 7.000000
1763 250 0 800 7.000000
1764 260 0 800 7.000000
1765 270 0 800 7.000000
1766 280 0 800 7.000000
1767 290 0 800 7.000000
1768 300 0 800 7.000000
1769 310 0 800 7.000000
1770 320 0 800 7.000000
1771 330 0 800 7.000000
1772 340 0 800 7.000000
1773 350 0 800 7.000000
1774 360 0 800 7.000000
1775 370 0 800 7.000000
1776 380 0 800 7.000000
1777 390 0 800 7.000000
1778 400 0 800 7.000000
1779 410 0 800 7.000000
1780 420 0 800 7.000000
1781 430 0 800 7.000000
1782 440 0 800 7.000000
1783 450 0 800 7.000000
1784 460 0 800 7.000000
1785 470 0 800 7.000000
1786 480 0 800 7.000000
1787 490 0 800 7.000000
1788 500 0 800 7.000000
1789 510 0 800 7.000000
1790 520 0 800 7.000000
1791 530 0 800 7.000000
1792 540 0 800 7.000000
1793 550 0 800 7.000000
1794 560 0 800 7.000000
1795 570 0 800 7.000000
1796 580 0 800 7.000000
1797 590 0 800 7.000000
1798 600 0 800 7.000000
1799 610 0 800 7.000000
1800 620 0 800 7.000000
1801 630 0 800 7.000000
1802 640 0 800 7.000000
1803 650 0 800 7.000000
1804 660 0 800 7.000000
1805 670 0 800 7.000000
1806 680 0 800 7.000000
1807 690 0 800 7.000000
1808 700 0 800 7.000000
1809 710 0 800 7.000000
1810 720 0 800 7.000000
1811 730 0 800 7.000000
1812 740 0 800 7.000000
1813 750 0 800 7.000000
1814 760 0 800 7.000000
1815 770 0 800 7.000000
1816 780 0 800 7.000000
1817 790 0 800 7.000000
1818 10 0 800 8.570000
1819 20 0 800 8.570000
1820 30 0 800 8.570000
1821 40 0 800 8.570000
1822 50 0 800 8.570000
1823 60 0 800 8.570000
1824 70 0 800 8.570000
1825 80 0 800 8.570000
1826 90 0 800 8.570000
1827 100 0 800 8.570000
1828 110 0 800 8.570000
1829 120 0 800 8.570000
1830 130 0 800 8.570000
1831 140 0 800 8.570000
1832 150 0 800 8.570000
1833 160 0 800 8.570000
1834 170 0 800 8.570000
1835 180 0 800 8.570000
1836 190 0 800 8.570000
1837 200 0 800 8.570000
1838 210 0 800 8.570000
1839 220 0 800 8.570000
1840 230 0 800 8.570000
1841 240 0 800 8.570000
1842 250 0 800 8.570000
1843 260 0 800 8.570000
1844 270 0 800 8.570000
1845 280 0 800 8.570000
1846 290 0 800 8.570000
1847 300 0 800 8.570000
1848 310 0 800 8.570000
1849 320 0 800 8.570000
1850 330 0 800 8.570000
1851 340 0 800 8.570000
1852 350 0 800 8.570000
1853 360 0 800 8.570000
1854 370 0 800 8.570000
1855 380 0 800 8.570000
1856 390 0 800 8.570000
1857 400 0 800 8.570000
1858 410 0 800 8.570000
1859 420 0 800 8.570000
1860 430 0 800 8.570000
1861 440 0 800 8.570000
1862 450 0 800 8.570000
1863 460 0 800 8.570000
1864 470 0 800 8.570000
1865 480 0 800 8.570000
1866 490 0 800 8.570000
1867 500 0 800 8.570000
1868 510 0 800 8.570000
1869 520 0 800 8.570000
1870 530 0 800 8.570000
1871 540 0 800 8.570000
1872 550 0 800 8.570000
1873 560 0 800 8.570000
1874 570 0 800 8.570000
1875 580 0 800 8.570000
1876 590 0 800 8.570000
1877 600 0 800 8.570000
1878 610 0 800 8.570000
1879 620 0 800 8.570000
1880 630 0 800 8.570000
1881 640 0 800 8.570000
1882 650 0 800 8.570000
1883 660 0 800 8.570000
1884 670 0 800 8.570000
1885 680 0 800 8.570000
1886 690 0 800 8.570000
1887 700 0 800 8.570000
1888 710 0 800 8.570000
1889 720 0 800 8.570000
1890 730 0 800 8.570000
1891 740 0 800 8.570000
1892 750 0 800 8.570000
1893 760 0 800 8.570000
1894 770 0 800 8.570000
1895 780 0 800 8.570000
1896 790 0 800 8.570000
1897 10 0 800 10.714000
1898 20 0 800 10.714000
1899 30 0 800 10.714000
1900 40 0 800 10.714000
1901 50 0 800 10.714000
1902 60 0 800 10.714000
1903 70 0 800 10.714000
1904 80 0 800 10.714000
1905 90 0 800 10.714000
1906 100 0 800 10.714000
1907 110 0 800 10.714000
1908 120 0 800 10.714000
1909 130 0 800 10.714000
1910 140 0 800 10.714000
1911 150 0 800 10.714000
1912 160 0 800 10.714000
1913 170 0 800 10.714000
1914 180 0 800 10.714000
1915 190 0 800 10.714000
1916 200 0 800 10.714000
1917 210 0 800 10.714000
1918 220 0 800 10.714000
1919 230 0 800 10.714000
1920 240 0 800 10.714000
1921 250 0 800 10.714000
1922 260 0 800 10.714000
1923 270 0 800 10.714000
1924 280 0 800 10.714000
1925 290 0 800 10.714000
1926 300 0 800 10.714000
1927 310 0 800 10.714000
1928 320 0 800 10.714000
1929 330 0 800 10.714000
1930 340 0 800 10.714000
1931 350 0 800 10.714000
1932 360 0 800 10.714000
1933 370 0 800 10.714000
1934 380 0 800 10.714000
1935 390 0 800 10.714000
1936 400 0 800 10.714000
1937 410 0 800 10.714000
1938 420 0 800 10.714000
1939 430 0 800 10.714000
1940 440 0 800 10.714000
1941 450 0 800 10.714000
1942 460 0 800 10.714000
1943 470 0 800 10.714000
1944 480 0 800 10.714000
1945 490 0 800 10.714000
1946 500 0 800 10.714000
1947 510 0 800 10.714000
1948 520 0 800 10.714000
1949 530 0 800 10.714000
1950 540 0 800 10.714000
1951 550 0 800 10.714000
1952 560 0 800 10.714000
1953 570 0 800 10.714000
1954 580 0 800 10.714000
1955 590 0 800 10.714000
1956 600 0 800 10.714000
1957 610 0 800 10.714000
1958 620 0 800 10.714000
1959 630 0 800 10.714000
1960 640 0 800 10.714000
1961 650 0 800 10.714000
1962 660 0 800 10.714000
1963 670 0 800 10.714000
1964 680 0 800 10.714000
1965 690 0 800 10.714000
1966 700 0 800 10.714000
1967 710 0 800 10.714000
1968 720 0 800 10.714000
1969 730 0 800 10.714000
1970 740 0 800 10.714000
1971 750 0 800 10.714000
1972 760 0 800 10.714000
1973 770 0 800 10.714000
1974 780 0 800 10.714000
1975 790 0 800 10.714000
1976 10 0 800 12.860000
1977 20 0 800 12.860000
1978 30 0 800 12.860000
1979 40 0 800 12.860000
1980 50 0 800 12.860000
1981 60 0 800 12.860000
1982 70 0 800 12.860000
1983 80 0 800 12.860000
1984 90 0 800 12.860000
1985 100 0 800 12.860000
1986 110 0 800 12.860000
1987 120 0 800 12.860000
1988 130 0 800 12.860000
1989 140 0 800 12.860000
1990 150 0 800 12.860000
1991 160 0 800 12.860000
1992 170 0 800 12.860000
1993 180 0 800 12.860000
1994 190 0 800 12.860000
1995 200 0 800 12.860000
1996 210 0 800 12.860000
1997 220 0 800 12.860000
1998 230 0 800 12.860000
1999 240 0 800 12.860000
2000 250 0 800 12.860000
2001 260 0 800 12.860000
2002 270 0 800 12.860000
2003 280 0 800 12.860000
2004 290 0 800 12.860000
2005 300 0 800 12.860000
2006 310 0 800 12.860000
2007 320 0 800 12.860000
2008 330 0 800 12.860000
2009 340 0 800 12.860000
2010 350 0 800 12.860000
2011 360 0 800 12.860000
2012 370 0 800 12.860000
2013 380 0 800 12.860000
2014 390 0 800 12.860000
2015 400 0 800 12.860000
2016 410 0 800 12.860000
2017 420 0 800 12.860000
2018 430 0 800 12.860000
2019 440 0 800 12.860000
2020 450 0 800 12.860000
2021 460 0 800 12.860000
2022 470 0 800 12.860000
2023 480 0 800 12.860000
2024 490 0 800 12.860000
2025 500 0 800 12.860000
2026 510 0 800 12.860000
2027 520 0 800 12.860000
2028 530 0 800 12.860000
2029 540 0 800 12.860000
2030 550 0 800 12.860000
2031 560 0 800 12.860000
2032 570 0 800 12.860000
2033 580 0 800 12.860000
2034 590 0 800 12.860000
2035 600 0 800 12.860000
2036 610 0 800 12.860000
2037 620 0 800 12.860000
2038 630 0 800 12.860000
2039 640 0 800 12.860000
2040 650 0 800 12.860000
2041 660 0 800 12.860000
2042 670 0 800 12.860000
2043 680 0 800 12.860000
2044 690 0 800 12.860000
2045 700 0 800 12.860000
2046 710 0 800 12.860000
2047 720 0 800 12.860000
2048 730 0 800 12.860000
2049 740 0 800 12.860000
2050 750 0 800 12.860000
2051 760 0 800 12.860000
2052 770 0 800 12.860000
2053 780 0 800 12.860000
2054 790 0 800 12.860000
2055 10 0 800 15.000000
2056 20 0 800 15.000000
2057 30 0 800 15.000000
2058 40 0 800 15.000000
2059 50 0 800 15.000000
2060 60 0 800 15.000000
2061 70 0 800 15.000000
2062 80 0 800 15.000000
2063 90 0 800 15.000000
2064 100 0 800 15.000000
2065 110 0 800 15.000000
2066 120 0 800 15.000000
2067 130 0 800 15.000000
2068 140 0 800 15.000000
2069 150 0 800 15.000000
2070 160 0 800 15.000000
2071 170 0 800 15.000000
2072 180 0 800 15.000000
2073 190 0 800 15.000000
2074 200 0 800 15.000000
2075 210 0 800 15.000000
2076 220 0 800 15.000000
2077 230 0 800 15.000000
2078 240 0 800 15.000000
2079 250 0 800 15.000000
2080 260 0 800 15.000000
2081 270 0 800 15.000000
2082 280 0 800 15.000000
2083 290 0 800 15.000000
2084 300 0 800 15.000000
2085 310 0 800 15.000000
2086 320 0 800 15.000000
2087 330 0 800 15.000000
2088 340 0 800 15.000000
2089 350 0 800 15.000000
2090 360 0 800 15.000000
2091 370 0 800 15.000000
2092 380 0 800 15.000000
2093 390 0 800 15.000000
2094 400 0 800 15.000000
2095 410 0 800 15.000000
2096 420 0 800 15.000000
2097 430 0 800 15.000000
2098 440 0 800 15.000000
2099 450 0 800 15.000000
2100 460 0 800 15.000000
2101 470 0 800 15.000000
2102 480 0 800 15.000000
2103 490 0 800 15.000000
2104 500 0 800 15.000000
2105 510 0 800 15.000000
2106 520 0 800 15.000000
2107 530 0 800 15.000000
2108 540 0 800 15.000000
2109 550 0 800 15.000000
2110 560 0 800 15.000000
2111 570 0 800 15.000000
2112 580 0 800 15.000000
2113 590 0 800 15.000000
2114 600 0 800 15.000000
2115 610 0 800 15.000000
2116 620 0 800 15.000000
2117 630 0 800 15.000000
2118 640 0 800 15.000000
2119 650 0 800 15.000000
2120 660 0 800 15.000000
2121 670 0 800 15.000000
2122 680 0 800 15.000000
2123 690 0 800 15.000000
2124 700 0 800 15.000000
2125 710 0 800 15.000000
2126 720 0 800 15.000000
2127 730 0 800 15.000000
2128 740 0 800 15.000000
2129 750 0 800 15.000000
2130 760 0 800 15.000000
2131 770 0 800 15.000000
2132 780 0 800 15.000000
2133 790 0 800 15.000000
2134 10 0 800 17.140000
2135 20 0 800 17.140000
2136 30 0 800 17.140000
2137 40 0 800 17.140000
2138 50 0 800 17.140000
2139 60 0 800 17.140000
2140 70 0 800 17.140000
2141 80 0 800 17.140000
2142 90 0 800 17.140000
2143 100 0 800 17.140000
2144 110 0 800 17.140000
2145 120 0 800 17.140000
2146 130 0 800 17.140000
2147 140 0 800 17.140000
2148 150 0 800 17.140000
2149 160 0 800 17.140000
2150 170 0 800 17.140000
2151 180 0 800 17.140000
2152 190 0 800 17.140000
2153 200 0 800 17.140000
2154 210 0 800 17.140000
2155 220 0 800 17.140000
2156 230 0 800 17.140000
2157 240 0 800 17.140000
2158 250 0 800 17.140000
2159 260 0 800 17.140000
2160 270 0 800 17.140000
2161 280 0 800 17.140000
2162 290 0 800 17.140000
2163 300 0 800 17.140000
2164 310 0 800 17.140000
2165 320 0 800 17.140000
2166 330 0 800 17.140000
2167 340 0 800 17.140000
2168 350 0 800 17.140000
2169 360 0 800 17.140000
2170 370 0 800 17.140000
2171 380 0 800 17.140000
2172 390 0 800 17.140000
2173 400 0 800 17.140000
2174 410 0 800 17.140000
2175 420 0 800 17.140000
2176 430 0 800 17.140000
2177 440 0 800 17.140000
2178 450 0 800 17.140000
2179 460 0 800 17.140000
2180 470 0 800 17.140000
2181 480 0 800 17.140000
2182 490 0 800 17.140000
2183 500 0 800 17.140000
2184 510 0 800 17.140000
2185 520 0 800 17.140000
2186 530 0 800 17.140000
2187 540 0 800 17.140000
2188 550 0 800 17.140000
2189 560 0 800 17.140000
2190 570 0 800 17.140000
2191 580 0 800 17.140000
2192 590 0 800 17.140000
2193 600 0 800 17.140000
2194 610 0 800 17.140000
2195 620 0 800 17.140000
2196 630 0 800 17.140000
2197 640 0 800 17.140000
2198 650 0 800 17.140000
2199 660 0 800 17.140000
2200 670 0 800 17.140000
2201 680 0 800 17.140000
2202 690 0 800 17.140000
2203 700 0 800 17.140000
2204 710 0 800 17.140000
2205 720 0 800 17.140000
2206 730 0 800 17.140000
2207 740 0 800 17.140000
2208 750 0 800 17.140000
2209 760 0 800 17.140000
2210 770 0 800 17.140000
2211 780 0 800 17.140000
2212 790 0 800 17.140000
2213 10 0 800 21.430000
2214 20 0 800 21.430000
2215 30 0 800 21.430000
2216 40 0 800 21.430000
2217 50 0 800 21.430000
2218 60 0 800 21.430000
2219 70 0 800 21.430000
2220 80 0 800 21.430000
2221 90 0 800 21.430000
2222 100 0 800 21.430000
2223 110 0 800 21.430000
2224 120 0 800 21.430000
2225 130 0 800 21.430000
2226 140 0 800 21.430000
2227 150 0 800 21.430000
2228 160 0 800 21.430000
2229 170 0 800 21.430000
2230 180 0 800 21.430000
2231 190 0 800 21.430000
2232 200 0 800 21.430000
2233 210 0 800 21.430000
2234 220 0 800 21.430000
2235 230 0 800 21.430000
2236 240 0 800 21.430000
2237 250 0 800 21.430000
2238 260 0 800 21.430000
2239 270 0 800 21.430000
2240 280 0 800 21.430000
2241 290 0 800 21.430000
2242 300 0 800 21.430000
2243 310 0 800 21.430000
2244 320 0 800 21.430000
2245 330 0 800 21.430000
2246 340 0 800 21.430000
2247 350 0 800 21.430000
2248 360 0 800 21.430000
2249 370 0 800 21.430000
2250 380 0 800 21.430000
2251 390 0 800 21.430000
2252 400 0 800 21.430000
2253 410 0 800 21.430000
2254 420 0 800 21.430000
2255 430 0 800 21.430000
2256 440 0 800 21.430000
2257 450 0 800 21.430000
2258 460 0 800 21.430000
2259 470 0 800 21.430000
2260 480 0 800 21.430000
2261 490 0 800 21.430000
2262 500 0 800 21.430000
2263 510 0 800 21.430000
2264 520 0 800 21.430000
2265 530 0 800 21.430000
2266 540 0 800 21.430000
2267 550 0 800 21.430000
2268 560 0 800 21.430000
2269 570 0 800 21.430000
2270 580 0 800 21.430000
2271 590 0 800 21.430000
2272 600 0 800 21.430000
2273 610 0 800 21.430000
2274 620 0 800 21.430000
2275 630 0 800 21.430000
2276 640 0 800 21.430000
2277 650 0 800 21.430000
2278 660 0 800 21.430000
2279 670 0 800 21.430000
2280 680 0 800 21.430000
2281 690 0 800 21.430000
2282 700 0 800 21.430000
2283 710 0 800 21.430000
2284 720 0 800 21.430000
2285 730 0 800 21.430000
2286 740 0 800 21.430000
2287 750 0 800 21.430000
2288 760 0 800 21.430000
2289 770 0 800 21.430000
2290 780 0 800 21.430000
2291 790 0 800 21.430000
2292 10 0 800 25.714000
2293 20 0 800 25.714000
2294 30 0 800 25.714000
2295 40 0 800 25.714000
2296 50 0 800 25.714000
2297 60 0 800 25.714000
2298 70 0 800 25.714000
2299 80 0 800 25.714000
2300 90 0 800 25.714000
2301 100 0 800 25.714000
2302 110 0 800 25.714000
2303 120 0 800 25.714000
2304 130 0 800 25.714000
2305 140 0 800 25.714000
2306 150 0 800 25.714000
2307 160 0 800 25.714000
2308 170 0 800 25.714000
2309 180 0 800 25.714000
2310 190 0 800 25.714000
2311 200 0 800 25.714000
2312 210 0 800 25.714000
2313 220 0 800 25.714000
2314 230 0 800 25.714000
2315 240 0 800 25.714000
2316 250 0 800 25.714000
2317 260 0 800 25.714000
2318 270 0 800 25.714000
2319 280 0 800 25.714000
2320 290 0 800 25.714000
2321 300 0 800 25.714000
2322 310 0 800 25.714000
2323 320 0 800 25.714000
2324 330 0 800 25.714000
2325 340 0 800 25.714000
2326 350 0 800 25.714000
2327 360 0 800 25.714000
2328 370 0 800 25.714000
2329 380 0 800 25.714000
2330 390 0 800 25.714000
2331 400 0 800 25.714000
2332 410 0 800 25.714000
2333 420 0 800 25.714000
2334 430 0 800 25.714000
2335 440 0 800 25.714000
2336 450 0 800 25.714000
2337 460 0 800 25.714000
2338 470 0 800 25.714000
2339 480 0 800 25.714000
2340 490 0 800 25.714000
2341 500 0 800 25.714000
2342 510 0 800 25.714000
2343 520 0 800 25.714000
2344 530 0 800 25.714000
2345 540 0 800 25.714000
2346 550 0 800 25.714000
2347 560 0 800 25.714000
2348 570 0 800 25.714000
2349 580 0 800 25.714000
2350 590 0 800 25.714000
2351 600 0 800 25.714000
2352 610 0 800 25.714000
2353 620 0 800 25.714000
2354 630 0 800 25.714000
2355 640 0 800 25.714000
2356 650 0 800 25.714000
2357 660 0 800 25.714000
2358 670 0 800 25.714000
2359 680 0 800 25.714000
2360 690 0 800 25.714000
2361 700 0 800 25.714000
2362 710 0 800 25.714000
2363 720 0 800 25.714000
2364 730 0 800 25.714000
2365 740 0 800 25.714000
2366 750 0 800 25.714000
2367 760 0 800 25.714000
2368 770 0 800 25.714000
2369 780 0 800 25.714000
2370 790 0 800 25.714000
2371 10 0 800 30.000000
2372 20 0 800 30.000000
2373 30 0 800 30.000000
2374 40 0 800 30.000000
2375 50 0 800 30.000000
2376 60 0 800 30.000000
2377 70 0 800 30.000000
2378 80 0 800 30.000000
2379 90 0 800 30.000000
2380 100 0 800 30.000000
2381 110 0 800 30.000000
2382 120 0 800 30.000000
2383 130 0 800 30.000000
2384 140 0 800 30.000000
2385 150 0 800 30.000000
2386 160 0 800 30.000000
2387 170 0 800 30.000000
2388 180 0 800 30.000000
2389 190 0 800 30.000000
2390 200 0 800 30.000000
2391 210 0 800 30.000000
2392 220 0 800 30.000000
2393 230 0 800 30.000000
2394 240 0 800 30.000000
2395 250 0 800 30.000000
2396 260 0 800 30.000000
2397 270 0 800 30.000000
2398 280 0 800 30.000000
2399 290 0 800 30.000000
2400 300 0 800 30.000000
2401 310 0 800 30.000000
2402 320 0 800 30.000000
2403 330 0 800 30.000000
2404 340 0 800 30.000000
2405 350 0 800 30.000000
2406 360 0 800 30.000000
2407 370 0 800 30.000000
2408 380 0 800 30.000000
2409 390 0 800 30.000000
2410 400 0 800 30.000000
2411 410 0 800 30.000000
2412 420 0 800 30.000000
2413 430 0 800 30.000000
2414 440 0 800 30.000000
2415 450 0 800 30.000000
2416 460 0 800 30.000000
2417 470 0 800 30.000000
2418 480 0 800 30.000000
2419 490 0 800 30.000000
2420 500 0 800 30.000000
2421 510 0 800 30.000000
2422 520 0 800 30.000000
2423 530 0 800 30.000000
2424 540 0 800 30.000000
2425 550 0 800 30.000000
2426 560 0 800 30.000000
2427 570 0 800 30.000000
2428 580 0 800 30.000000
2429 590 0 800 30.000000
2430 600 0 800 30.000000
2431 610 0 800 30.000000
2432 620 0 800 30.000000
2433 630 0 800 30.000000
2434 640 0 800 30.000000
2435 650 0 800 30.000000
2436 660 0 800 30.000000
2437 670 0 800 30.000000
2438 680 0 800 30.000000
2439 690 0 800 30.000000
2440 700 0 800 30.000000
2441 710 0 800 30.000000
2442 720 0 800 30.000000
2443 730 0 800 30.000000
2444 740 0 800 30.000000
2445 750 0 800 30.000000
2446 760 0 800 30.000000
2447 770 0 800 30.000000
2448 780 0 800 30.000000
2449 790 0 800 30.000000
2450 10 0 800 34.286000
2451 20 0 800 34.286000
2452 30 0 800 34.286000
2453 40 0 800 34.286000
2454 50 0 800 34.286000
2455 60 0 800 34.286000
2456 70 0 800 34.286000
2457 80 0 800 34.286000
2458 90 0 800 34.286000
2459 100 0 800 34.286000
2460 110 0 800 34.286000
2461 120 0 800 34.286000
2462 130 0 800 34.286000
2463 140 0 800 34.286000
2464 150 0 800 34.286000
2465 160 0 800 34.286000
2466 170 0 800 34.286000
2467 180 0 800 34.286000
2468 190 0 800 34.286000
2469 200 0 800 34.286000
2470 210 0 800 34.286000
2471 220 0 800 34.286000
2472 230 0 800 34.286000
2473 240 0 800 34.286000
2474 250 0 800 34.286000
2475 260 0 800 34.286000
2476 270 0 800 34.286000
2477 280 0 800 34.286000
2478 290 0 800 34.286000
2479 300 0 800 34.286000
2480 310 0 800 34.286000
2481 320 0 800 34.286000
2482 330 0 800 34.286000
2483 340 0 800 34.286000
2484 350 0 800 34.286000
2485 360 0 800 34.286000
2486 370 0 800 34.286000
2487 380 0 800 34.286000
2488 390 0 800 34.286000
2489 400 0 800 34.286000
2490 410 0 800 34.286000
2491 420 0 800 34.286000
2492 430 0 800 34.286000
2493 440 0 800 34.286000
2494 450 0 800 34.286000
2495 460 0 800 34.286000
2496 470 0 800 34.286000
2497 480 0 800 34.286000
2498 490 0 800 34.286000
2499 500 0 800 34.286000
2500 510 0 800 34.286000
2501 520 0 800 34.286000
2502 530 0 800 34.286000
2503 540 0 800 34.286000
2504 550 0 800 34.286000
2505 560 0 800 34.286000
2506 570 0 800 34.286000
2507 580 0 800 34.286000
2508 590 0 800 34.286000
2509 600 0 800 34.286000
2510 610 0 800 34.286000
2511 620 0 800 34.286000
2512 630 0 800 34.286000
2513 640 0 800 34.286000
2514 650 0 800 34.286000
2515 660 0 800 34.286000
2516 670 0 800 34.286000
2517 680 0 800 34.286000
2518 690 0 800 34.286000
2519 700 0 800 34.286000
2520 710 0 800 34.286000
2521 720 0 800 34.286000
2522 730 0 800 34.286000
2523 740 0 800 34.286000
2524 750 0 800 34.286000
2525 760 0 800 34.286000
2526 770 0 800 34.286000
2527 780 0 800 34.286000
2528 790 0 800 34.286000
2529 10 0 800 38.570000
2530 20 0 800 38.570000
2531 30 0 800 38.570000
2532 40 0 800 38.570000
2533 50 0 800 38.570000
2534 60 0 800 38.570000
2535 70 0 800 38.570000
2536 80 0 800 38.570000
2537 90 0 800 38.570000
2538 100 0 800 38.570000
2539 110 0 800 38.570000
2540 120 0 800 38.570000
2541 130 0 800 38.570000
2542 140 0 800 38.570000
2543 150 0 800 38.570000
2544 160 0 800 38.570000
2545 170 0 800 38.570000
2546 180 0 800 38.570000
2547 190 0 800 38.570000
2548 200 0 800 38.570000
2549 210 0 800 38.570000
2550 220 0 800 38.570000
2551 230 0 800 38.570000
2552 240 0 800 38.570000
2553 250 0 800 38.570000
2554 260 0 800 38.570000
2555 270 0 800 38.570000
2556 280 0 800 38.570000
2557 290 0 800 38.570000
2558 300 0 800 38.570000
2559 310 0 800 38.570000
2560 320 0 800 38.570000
2561 330 0 800 38.570000
2562 340 0 800 38.570000
2563 350 0 800 38.570000
2564 360 0 800 38.570000
2565 370 0 800 38.570000
2566 380 0 800 38.570000
2567 390 0 800 38.570000
2568 400 0 800 38.570000
2569 410 0 800 38.570000
2570 420 0 800 38.570000
2571 430 0 800 38.570000
2572 440 0 800 38.570000
2573 450 0 800 38.570000
2574 460 0 800 38.570000
2575 470 0 800 38.570000
2576 480 0 800 38.570000
2577 490 0 800 38.570000
2578 500 0 800 38.570000
2579 510 0 800 38.570000
2580 520 0 800 38.570000
2581 530 0 800 38.570000
2582 540 0 800 38.570000
2583 550 0 800 38.570000
2584 560 0 800 38.570000
2585 570 0 800 38.570000
2586 580 0 800 38.570000
2587 590 0 800 38.570000
2588 600 0 800 38.570000
2589 610 0 800 38.570000
2590 620 0 800 38.570000
2591 630 0 800 38.570000
2592 640 0 800 38.570000
2593 650 0 800 38.570000
2594 660 0 800 38.570000
2595 670 0 800 38.570000
2596 680 0 800 38.570000
2597 690 0 800 38.570000
2598 700 0 800 38.570000
2599 710 0 800 38.570000
2600 720 0 800 38.570000
2601 730 0 800 38.570000
2602 740 0 800 38.570000
2603 750 0 800 38.570000
2604 760 0 800 38.570000
2605 770 0 800 38.570000
2606 780 0 800 38.570000
2607 790 0 800 38.570000
2608 10 0 800 42.860000
2609 20 0 800 42.860000
2610 30 0 800 42.860000
2611 40 0 800 42.860000
2612 50 0 800 42.860000
2613 60 0 800 42.860000
2614 70 0 800 42.860000
2615 80 0 800 42.860000
2616 90 0 800 42.860000
2617 100 0 800 42.860000
2618 110 0 800 42.860000
2619 120 0 800 42.860000
2620 130 0 800 42.860000
2621 140 0 800 42.860000
2622 150 0 800 42.860000
2623 160 0 800 42.860000
2624 170 0 800 42.860000
2625 180 0 800 42.860000
2626 190 0 800 42.860000
2627 200 0 800 42.860000
2628 210 0 800 42.860000
2629 220 0 800 42.860000
2630 230 0 800 42.860000
2631 240 0 800 42.860000
2632 250 0 800 42.860000
2633 260 0 800 42.860000
2634 270 0 800 42.860000
2635 280 0 800 42.860000
2636 290 0 800 42.860000
2637 300 0 800 42.860000
2638 310 0 800 42.860000
2639 320 0 800 42.860000
2640 330 0 800 42.860000
2641 340 0 800 42.860000
2642 350 0 800 42.860000
2643 360 0 800 42.860000
2644 370 0 800 42.860000
2645 380 0 800 42.860000
2646 390 0 800 42.860000
2647 400 0 800 42.860000
2648 410 0 800 42.860000
2649 420 0 800 42.860000
2650 430 0 800 42.860000
2651 440 0 800 42.860000
2652 450 0 800 42.860000
2653 460 0 800 42.860000
2654 470 0 800 42.860000
2655 480 0 800 42.860000
2656 490 0 800 42.860000
2657 500 0 800 42.860000
2658 510 0 800 42.860000
2659 520 0 800 42.860000
2660 530 0 800 42.860000
2661 540 0 800 42.860000
2662 550 0 800 42.860000
2663 560 0 800 42.860000
2664 570 0 800 42.860000
2665 580 0 800 42.860000
2666 590 0 800 42.860000
2667 600 0 800 42.860000
2668 610 0 800 42.860000
2669 620 0 800 42.860000
2670 630 0 800 42.860000
2671 640 0 800 42.860000
2672 650 0 800 42.860000
2673 660 0 800 42.860000
2674 670 0 800 42.860000
2675 680 0 800 42.860000
2676 690 0 800 42.860000
2677 700 0 800 42.860000
2678 710 0 800 42.860000
2679 720 0 800 42.860000
2680 730 0 800 42.860000
2681 740 0 800 42.860000
2682 750 0 800 42.860000
2683 760 0 800 42.860000
2684 770 0 800 42.860000
2685 780 0 800 42.860000
2686 790 0 800 42.860000
2687 10 0 800 47.140000
2688 20 0 800 47.140000
2689 30 0 800 47.140000
2690 40 0 800 47.140000
2691 50 0 800 47.140000
2692 60 0 800 47.140000
2693 70 0 800 47.140000
2694 80 0 800 47.140000
2695 90 0 800 47.140000
2696 100 0 800 47.140000
2697 110 0 800 47.140000
2698 120 0 800 47.140000
2699 130 0 800 47.140000
2700 140 0 800 47.140000
2701 150 0 800 47.140000
2702 160 0 800 47.140000
2703 170 0 800 47.140000
2704 180 0 800 47.140000
2705 190 0 800 47.140000
2706 200 0 800 47.140000
2707 210 0 800 47.140000
2708 220 0 800 47.140000
2709 230 0 800 47.140000
2710 240 0 800 47.140000
2711 250 0 800 47.140000
2712 260 0 800 47.140000
2713 270 0 800 47.140000
2714 280 0 800 47.140000
2715 290 0 800 47.140000
2716 300 0 800 47.140000
2717 310 0 800 47.140000
2718 320 0 800 47.140000
2719 330 0 800 47.140000
2720 340 0 800 47.140000
2721 350 0 800 47.140000
2722 360 0 800 47.140000
2723 370 0 800 47.140000
2724 380 0 800 47.140000
2725 390 0 800 47.140000
2726 400 0 800 47.140000
2727 410 0 800 47.140000
2728 420 0 800 47.140000
2729 430 0 800 47.140000
2730 440 0 800 47.140000
2731 450 0 800 47.140000
2732 460 0 800 47.140000
2733 470 0 800 47.140000
2734 480 0 800 47.140000
2735 490 0 800 47.140000
2736 500 0 800 47.140000
2737 510 0 800 47.140000
2738 520 0 800 47.140000
2739 530 0 800 47.140000
2740 540 0 800 47.140000
2741 550 0 800 47.140000
2742 560 0 800 47.140000
2743 570 0 800 47.140000
2744 580 0 800 47.140000
2745 590 0 800 47.140000
2746 600 0 800 47.140000
2747 610 0 800 47.140000
2748 620 0 800 47.140000
2749 630 0 800 47.140000
2750 640 0 800 47.140000
2751 650 0 800 47.140000
2752 660 0 800 47.140000
2753 670 0 800 47.140000
2754 680 0 800 47.140000
2755 690 0 800 47.140000
2756 700 0 800 47.140000
2757 710 0 800 47.140000
2758 720 0 800 47.140000
2759 730 0 800 47.140000
2760 740 0 800 47.140000
2761 750 0 800 47.140000
2762 760 0 800 47.140000
2763 770 0 800 47.140000
2764 780 0 800 47.140000
2765 790 0 800 47.140000
2766 10 0 800 52.140000
2767 20 0 800 52.140000
2768 30 0 800 52.140000
2769 40 0 800 52.140000
2770 50 0 800 52.140000
2771 60 0 800 52.140000
2772 70 0 800 52.140000
2773 80 0 800 52.140000
2774 90 0 800 52.140000
2775 100 0 800 52.140000
2776 110 0 800 52.140000
2777 120 0 800 52.140000
2778 130 0 800 52.140000
2779 140 0 800 52.140000
2780 150 0 800 52.140000
2781 160 0 800 52.140000
2782 170 0 800 52.140000
2783 180 0 800 52.140000
2784 190 0 800 52.140000
2785 200 0 800 52.140000
2786 210 0 800 52.140000
2787 220 0 800 52.140000
2788 230 0 800 52.140000
2789 240 0 800 52.140000
2790 250 0 800 52.140000
2791 260 0 800 52.140000
2792 270 0 800 52.140000
2793 280 0 800 52.140000
2794 290 0 800 52.140000
2795 300 0 800 52.140000
2796 310 0 800 52.140000
2797 320 0 800 52.140000
2798 330 0 800 52.140000
2799 340 0 800 52.140000
2800 350 0 800 52.140000
2801 360 0 800 52.140000
2802 370 0 800 52.140000
2803 380 0 800 52.140000
2804 390 0 800 52.140000
2805 400 0 800 52.140000
2806 410 0 800 52.140000
2807 420 0 800 52.140000
2808 430 0 800 52.140000
2809 440 0 800 52.140000
2810 450 0 800 52.140000
2811 460 0 800 52.140000
2812 470 0 800 52.140000
2813 480 0 800 52.140000
2814 490 0 800 52.140000
2815 500 0 800 52.140000
2816 510 0 800 52.140000
2817 520 0 800 52.140000
2818 530 0 800 52.140000
2819 540 0 800 52.140000
2820 550 0 800 52.140000
2821 560 0 800 52.140000
2822 570 0 800 52.140000
2823 580 0 800 52.140000
2824 590 0 800 52.140000
2825 600 0 800 52.140000
2826 610 0 800 52.140000
2827 620 0 800 52.140000
2828 630 0 800 52.140000
2829 640 0 800 52.140000
2830 650 0 800 52.140000
2831 660 0 800 52.140000
2832 670 0 800 52.140000
2833 680 0 800 52.140000
2834 690 0 800 52.140000
2835 700 0 800 52.140000
2836 710 0 800 52.140000
2837 720 0 800 52.140000
2838 730 0 800 52.140000
2839 740 0 800 52.140000
2840 750 0 800 52.140000
2841 760 0 800 52.140000
2842 770 0 800 52.140000
2843 780 0 800 52.140000
2844 790 0 800 52.140000
2845 10 0 800 78.214000
2846 20 0 800 78.214000
2847 30 0 800 78.214000
2848 40 0 800 78.214000
2849 50 0 800 78.214000
2850 60 0 800 78.214000
2851 70 0 800 78.214000
2852 80 0 800 78.214000
2853 90 0 800 78.214000
2854 100 0 800 78.214000
2855 110 0 800 78.214000
2856 120 0 800 78.214000
2857 130 0 800 78.214000
2858 140 0 800 78.214000
2859 150 0 800 78.214000
2860 160 0 800 78.214000
2861 170 0 800 78.214000
2862 180 0 800 78.214000
2863 190 0 800 78.214000
2864 200 0 800 78.214000
2865 210 0 800 78.214000
2866 220 0 800 78.214000
2867 230 0 800 78.214000
2868 240 0 800 78.214000
2869 250 0 800 78.214000
2870 260 0 800 78.214000
2871 270 0 800 78.214000
2872 280 0 800 78.214000
2873 290 0 800 78.214000
2874 300 0 800 78.214000
2875 310 0 800 78.214000
2876 320 0 800 78.214000
2877 330 0 800 78.214000
2878 340 0 800 78.214000
2879 350 0 800 78.214000
2880 360 0 800 78.214000
2881 370 0 800 78.214000
2882 380 0 800 78.214000
2883 390 0 800 78.214000
2884 400 0 800 78.214000
2885 410 0 800 78.214000
2886 420 0 800 78.214000
2887 430 0 800 78.214000
2888 440 0 800 78.214000
2889 450 0 800 78.214000
2890 460 0 800 78.214000
2891 470 0 800 78.214000
2892 480 0 800 78.214000
2893 490 0 800 78.214000
2894 500 0 800 78.214000
2895 510 0 800 78.214000
2896 520 0 800 78.214000
2897 530 0 800 78.214000
2898 540 0 800 78.214000
2899 550 0 800 78.214000
2900 560 0 800 78.214000
2901 570 0 800 78.214000
2902 580 0 800 78.214000
2903 590 0 800 78.214000
2904 600 0 800 78.214000
2905 610 0 800 78.214000
2906 620 0 800 78.214000
2907 630 0 800 78.214000
2908 640 0 800 78.214000
2909 650 0 800 78.214000
2910 660 0 800 78.214000
2911 670 0 800 78.214000
2912 680 0 800 78.214000
2913 690 0 800 78.214000
2914 700 0 800 78.214000
2915 710 0 800 78.214000
2916 720 0 800 78.214000
2917 730 0 800 78.214000
2918 740 0 800 78.214000
2919 750 0 800 78.214000
2920 760 0 800 78.214000
2921 770 0 800 78.214000
2922 780 0 800 78.214000
2923 790 0 800 78.214000
2924 10 0 800 104.286000
2925 20 0 800 104.286000
2926 30 0 800 104.286000
2927 40 0 800 104.286000
2928 50 0 800 104.286000
2929 60 0 800 104.286000
2930 70 0 800 104.286000
2931 80 0 800 104.286000
2932 90 0 800 104.286000
2933 100 0 800 104.286000
2934 110 0 800 104.286000
2935 120 0 800 104.286000
2936 130 0 800 104.286000
2937 140 0 800 104.286000
2938 150 0 800 104.286000
2939 160 0 800 104.286000
2940 170 0 800 104.286000
2941 180 0 800 104.286000
2942 190 0 800 104.286000
2943 200 0 800 104.286000
2944 210 0 800 104.286000
2945 220 0 800 104.286000
2946 230 0 800 104.286000
2947 240 0 800 104.286000
2948 250 0 800 104.286000
2949 260 0 800 104.286000
2950 270 0 800 104.286000
2951 280 0 800 104.286000
2952 290 0 800 104.286000
2953 300 0 800 104.286000
2954 310 0 800 104.286000
2955 320 0 800 104.286000
2956 330 0 800 104.286000
2957 340 0 800 104.286000
2958 350 0 800 104.286000
2959 360 0 800 104.286000
2960 370 0 800 104.286000
2961 380 0 800 104.286000
2962 390 0 800 104.286000
2963 400 0 800 104.286000
2964 410 0 800 104.286000
2965 420 0 800 104.286000
2966 430 0 800 104.286000
2967 440 0 800 104.286000
2968 450 0 800 104.286000
2969 460 0 800 104.286000
2970 470 0 800 104.286000
2971 480 0 800 104.286000
2972 490 0 800 104.286000
2973 500 0 800 104.286000
2974 510 0 800 104.286000
2975 520 0 800 104.286000
2976 530 0 800 104.286000
2977 540 0 800 104.286000
2978 550 0 800 104.286000
2979 560 0 800 104.286000
2980 570 0 800 104.286000
2981 580 0 800 104.286000
2982 590 0 800 104.286000
2983 600 0 800 104.286000
2984 610 0 800 104.286000
2985 620 0 800 104.286000
2986 630 0 800 104.286000
2987 640 0 800 104.286000
2988 650 0 800 104.286000
2989 660 0 800 104.286000
2990 670 0 800 104.286000
2991 680 0 800 104.286000
2992 690 0 800 104.286000
2993 700 0 800 104.286000
2994 710 0 800 104.286000
2995 720 0 800 104.286000
2996 730 0 800 104.286000
2997 740 0 800 104.286000
2998 750 0 800 104.286000
2999 760 0 800 104.286000
3000 770 0 800 104.286000
3001 780 0 800 104.286000
3002 790 0 800 104.286000
3003 10 0 800 130.360000
3004 20 0 800 130.360000
3005 30 0 800 130.360000
3006 40 0 800 130.360000
3007 50 0 800 130.360000
3008 60 0 800 130.360000
3009 70 0 800 130.360000
3010 80 0 800 130.360000
3011 90 0 800 130.360000
3012 100 0 800 130.360000
3013 110 0 800 130.360000
3014 120 0 800 130.360000
3015 130 0 800 130.360000
3016 140 0 800 130.360000
3017 150 0 800 130.360000
3018 160 0 800 130.360000
3019 170 0 800 130.360000
3020 180 0 800 130.360000
3021 190 0 800 130.360000
3022 200 0 800 130.360000
3023 210 0 800 130.360000
3024 220 0 800 130.360000
3025 230 0 800 130.360000
3026 240 0 800 130.360000
3027 250 0 800 130.360000
3028 260 0 800 130.360000
3029 270 0 800 130.360000
3030 280 0 800 130.360000
3031 290 0 800 130.360000
3032 300 0 800 130.360000
3033 310 0 800 130.360000
3034 320 0 800 130.360000
3035 330 0 800 130.360000
3036 340 0 800 130.360000
3037 350 0 800 130.360000
3038 360 0 800 130.360000
3039 370 0 800 130.360000
3040 380 0 800 130.360000
3041 390 0 800 130.360000
3042 400 0 800 130.360000
3043 410 0 800 130.360000
3044 420 0 800 130.360000
3045 430 0 800 130.360000
3046 440 0 800 130.360000
3047 450 0 800 130.360000
3048 460 0 800 130.360000
3049 470 0 800 130.360000
3050 480 0 800 130.360000
3051 490 0 800 130.360000
3052 500 0 800 130.360000
3053 510 0 800 130.360000
3054 520 0 800 130.360000
3055 530 0 800 130.360000
3056 540 0 800 130.360000
3057 550 0 800 130.360000
3058 560 0 800 130.360000
3059 570 0 800 130.360000
3060 580 0 800 130.360000
3061 590 0 800 130.360000
3062 600 0 800 130.360000
3063 610 0 800 130.360000
3064 620 0 800 130.360000
3065 630 0 800 130.360000
3066 640 0 800 130.360000
3067 650 0 800 130.360000
3068 660 0 800 130.360000
3069 670 0 800 130.360000
3070 680 0 800 130.360000
3071 690 0 800 130.360000
3072 700 0 800 130.360000
3073 710 0 800 130.360000
3074 720 0 800 130.360000
3075 730 0 800 130.360000
3076 740 0 800 130.360000
3077 750 0 800 130.360000
3078 760 0 800 130.360000
3079 770 0 800 130.360000
3080 780 0 800 130.360000
3081 790 0 800 130.360000
3082 10 0 800 156.430000
3083 20 0 800 156.430000
3084 30 0 800 156.430000
3085 40 0 800 156.430000
3086 50 0 800 156.430000
3087 60 0 800 156.430000
3088 70 0 800 156.430000
3089 80 0 800 156.430000
3090 90 0 800 156.430000
3091 100 0 800 156.430000
3092 110 0 800 156.430000
3093 120 0 800 156.430000
3094 130 0 800 156.430000
3095 140 0 800 156.430000
3096 150 0 800 156.430000
3097 160 0 800 156.430000
3098 170 0 800 156.430000
3099 180 0 800 156.430000
3100 190 0 800 156.430000
3101 200 0 800 156.430000
3102 210 0 800 156.430000
3103 220 0 800 156.430000
3104 230 0 800 156.430000
3105 240 0 800 156.430000
3106 250 0 800 156.430000
3107 260 0 800 156.430000
3108 270 0 800 156.430000
3109 280 0 800 156.430000
3110 290 0 800 156.430000
3111 300 0 800 156.430000
3112 310 0 800 156.430000
3113 320 0 800 156.430000
3114 330 0 800 156.430000
3115 340 0 800 156.430000
3116 350 0 800 156.430000
3117 360 0 800 156.430000
3118 370 0 800 156.430000
3119 380 0 800 156.430000
3120 390 0 800 156.430000
3121 400 0 800 156.430000
3122 410 0 800 156.430000
3123 420 0 800 156.430000
3124 430 0 800 156.430000
3125 440 0 800 156.430000
3126 450 0 800 156.430000
3127 460 0 800 156.430000
3128 470 0 800 156.430000
3129 480 0 800 156.430000
3130 490 0 800 156.430000
3131 500 0 800 156.430000
3132 510 0 800 156.430000
3133 520 0 800 156.430000
3134 530 0 800 156.430000
3135 540 0 800 156.430000
3136 550 0 800 156.430000
3137 560 0 800 156.430000
3138 570 0 800 156.430000
3139 580 0 800 156.430000
3140 590 0 800 156.430000
3141 600 0 800 156.430000
3142 610 0 800 156.430000
3143 620 0 800 156.430000
3144 630 0 800 156.430000
3145 640 0 800 156.430000
3146 650 0 800 156.430000
3147 660 0 800 156.430000
3148 670 0 800 156.430000
3149 680 0 800 156.430000
3150 690 0 800 156.430000
3151 700 0 800 156.430000
3152 710 0 800 156.430000
3153 720 0 800 156.430000
3154 730 0 800 156.430000
3155 740 0 800 156.430000
3156 750 0 800 156.430000
3157 760 0 800 156.430000
3158 770 0 800 156.430000
3159 780 0 800 156.430000
3160 790 0 800 156.430000
3161 10 0 800 182.500000
3162 20 0 800 182.500000
3163 30 0 800 182.500000
3164 40 0 800 182.500000
3165 50 0 800 182.500000
3166 60 0 800 182.500000
3167 70 0 800 182.500000
3168 80 0 800 182.500000
3169 90 0 800 182.500000
3170 100 0 800 182.500000
3171 110 0 800 182.500000
3172 120 0 800 182.500000
3173 130 0 800 182.500000
3174 140 0 800 182.500000
3175 150 0 800 182.500000
3176 160 0 800 182.500000
3177 170 0 800 182.500000
3178 180 0 800 182.500000
3179 190 0 800 182.500000
3180 200 0 800 182.500000
3181 210 0 800 182.500000
3182 220 0 800 182.500000
3183 230 0 800 182.500000
3184 240 0 800 182.500000
3185 250 0 800 182.500000
3186 260 0 800 182.500000
3187 270 0 800 182.500000
3188 280 0 800 182.500000
3189 290 0 800 182.500000
3190 300 0 800 182.500000
3191 310 0 800 182.500000
3192 320 0 800 182.500000
3193 330 0 800 182.500000
3194 340 0 800 182.500000
3195 350 0 800 182.500000
3196 360 0 800 182.500000
3197 370 0 800 182.500000
3198 380 0 800 182.500000
3199 390 0 800 182.500000
3200 400 0 800 182.500000
3201 410 0 800 182.500000
3202 420 0 800 182.500000
3203 430 0 800 182.500000
3204 440 0 800 182.500000
3205 450 0 800 182.500000
3206 460 0 800 182.500000
3207 470 0 800 182.500000
3208 480 0 800 182.500000
3209 490 0 800 182.500000
3210 500 0 800 182.500000
3211 510 0 800 182.500000
3212 520 0 800 182.500000
3213 530 0 800 182.500000
3214 540 0 800 182.500000
3215 550 0 800 182.500000
3216 560 0 800 182.500000
3217 570 0 800 182.500000
3218 580 0 800 182.500000
3219 590 0 800 182.500000
3220 600 0 800 182.500000
3221 610 0 800 182.500000
3222 620 0 800 182.500000
3223 630 0 800 182.500000
3224 640 0 800 182.500000
3225 650 0 800 182.500000
3226 660 0 800 182.500000
3227 670 0 800 182.500000
3228 680 0 800 182.500000
3229 690 0 800 182.500000
3230 700 0 800 182.500000
3231 710 0 800 182.500000
3232 720 0 800 182.500000
3233 730 0 800 182.500000
3234 740 0 800 182.500000
3235 750 0 800 182.500000
3236 760 0 800 182.500000
3237 770 0 800 182.500000
3238 780 0 800 182.500000
3239 790 0 800 182.500000
3240 10 0 800 208.570000
3241 20 0 800 208.570000
3242 30 0 800 208.570000
3243 40 0 800 208.570000
3244 50 0 800 208.570000
3245 60 0 800 208.570000
3246 70 0 800 208.570000
3247 80 0 800 208.570000
3248 90 0 800 208.570000
3249 100 0 800 208.570000
3250 110 0 800 208.570000
3251 120 0 800 208.570000
3252 130 0 800 208.570000
3253 140 0 800 208.570000
3254 150 0 800 208.570000
3255 160 0 800 208.570000
3256 170 0 800 208.570000
3257 180 0 800 208.570000
3258 190 0 800 208.570000
3259 200 0 800 208.570000
3260 210 0 800 208.570000
3261 220 0 800 208.570000
3262 230 0 800 208.570000
3263 240 0 800 208.570000
3264 250 0 800 208.570000
3265 260 0 800 208.570000
3266 270 0 800 208.570000
3267 280 0 800 208.570000
3268 290 0 800 208.570000
3269 300 0 800 208.570000
3270 310 0 800 208.570000
3271 320 0 800 208.570000
3272 330 0 800 208.570000
3273 340 0 800 208.570000
3274 350 0 800 208.570000
3275 360 0 800 208.570000
3276 370 0 800 208.570000
3277 380 0 800 208.570000
3278 390 0 800 208.570000
3279 400 0 800 208.570000
3280 410 0 800 208.570000
3281 420 0 800 208.570000
3282 430 0 800 208.570000
3283 440 0 800 208.570000
3284 450 0 800 208.570000
3285 460 0 800 208.570000
3286 470 0 800 208.570000
3287 480 0 800 208.570000
3288 490 0 800 208.570000
3289 500 0 800 208.570000
3290 510 0 800 208.570000
3291 520 0 800 208.570000
3292 530 0 800 208.570000
3293 540 0 800 208.570000
3294 550 0 800 208.570000
3295 560 0 800 208.570000
3296 570 0 800 208.570000
3297 580 0 800 208.570000
3298 590 0 800 208.570000
3299 600 0 800 208.570000
3300 610 0 800 208.570000
3301 620 0 800 208.570000
3302 630 0 800 208.570000
3303 640 0 800 208.570000
3304 650 0 800 208.570000
3305 660 0 800 208.570000
3306 670 0 800 208.570000
3307 680 0 800 208.570000
3308 690 0 800 208.570000
3309 700 0 800 208.570000
3310 710 0 800 208.570000
3311 720 0 800 208.570000
3312 730 0 800 208.570000
3313 740 0 800 208.570000
3314 750 0 800 208.570000
3315 760 0 800 208.570000
3316 770 0 800 208.570000
3317 780 0 800 208.570000
3318 790 0 800 208.570000
3319 10 0 800 260.714000
3320 20 0 800 260.714000
3321 30 0 800 260.714000
3322 40 0 800 260.714000
3323 50 0 800 260.714000
3324 60 0 800 260.714000
3325 70 0 800 260.714000
3326 80 0 800 260.714000
3327 90 0 800 260.714000
3328 100 0 800 260.714000
3329 110 0 800 260.714000
3330 120 0 800 260.714000
3331 130 0 800 260.714000
3332 140 0 800 260.714000
3333 150 0 800 260.714000
3334 160 0 800 260.714000
3335 170 0 800 260.714000
3336 180 0 800 260.714000
3337 190 0 800 260.714000
3338 200 0 800 260.714000
3339 210 0 800 260.714000
3340 220 0 800 260.714000
3341 230 0 800 260.714000
3342 240 0 800 260.714000
3343 250 0 800 260.714000
3344 260 0 800 260.714000
3345 270 0 800 260.714000
3346 280 0 800 260.714000
3347 290 0 800 260.714000
3348 300 0 800 260.714000
3349 310 0 800 260.714000
3350 320 0 800 260.714000
3351 330 0 800 260.714000
3352 340 0 800 260.714000
3353 350 0 800 260.714000
3354 360 0 800 260.714000
3355 370 0 800 260.714000
3356 380 0 800 260.714000
3357 390 0 800 260.714000
3358 400 0 800 260.714000
3359 410 0 800 260.714000
3360 420 0 800 260.714000
3361 430 0 800 260.714000
3362 440 0 800 260.714000
3363 450 0 800 260.714000
3364 460 0 800 260.714000
3365 470 0 800 260.714000
3366 480 0 800 260.714000
3367 490 0 800 260.714000
3368 500 0 800 260.714000
3369 510 0 800 260.714000
3370 520 0 800 260.714000
3371 530 0 800 260.714000
3372 540 0 800 260.714000
3373 550 0 800 260.714000
3374 560 0 800 260.714000
3375 570 0 800 260.714000
3376 580 0 800 260.714000
3377 590 0 800 260.714000
3378 600 0 800 260.714000
3379 610 0 800 260.714000
3380 620 0 800 260.714000
3381 630 0 800 260.714000
3382 640 0 800 260.714000
3383 650 0 800 260.714000
3384 660 0 800 260.714000
3385 670 0 800 260.714000
3386 680 0 800 260.714000
3387 690 0 800 260.714000
3388 700 0 800 260.714000
3389 710 0 800 260.714000
3390 720 0 800 260.714000
3391 730 0 800 260.714000
3392 740 0 800 260.714000
3393 750 0 800 260.714000
3394 760 0 800 260.714000
3395 770 0 800 260.714000
3396 780 0 800 260.714000
3397 790 0 800 260.714000
3398 10 0 800 312.860000
3399 20 0 800 312.860000
3400 30 0 800 312.860000
3401 40 0 800 312.860000
3402 50 0 800 312.860000
3403 60 0 800 312.860000
3404 70 0 800 312.860000
3405 80 0 800 312.860000
3406 90 0 800 312.860000
3407 100 0 800 312.860000
3408 110 0 800 312.860000
3409 120 0 800 312.860000
3410 130 0 800 312.860000
3411 140 0 800 312.860000
3412 150 0 800 312.860000
3413 160 0 800 312.860000
3414 170 0 800 312.860000
3415 180 0 800 312.860000
3416 190 0 800 312.860000
3417 200 0 800 312.860000
3418 210 0 800 312.860000
3419 220 0 800 312.860000
3420 230 0 800 312.860000
3421 240 0 800 312.860000
3422 250 0 800 312.860000
3423 260 0 800 312.860000
3424 270 0 800 312.860000
3425 280 0 800 312.860000
3426 290 0 800 312.860000
3427 300 0 800 312.860000
3428 310 0 800 312.860000
3429 320 0 800 312.860000
3430 330 0 800 312.860000
3431 340 0 800 312.860000
3432 350 0 800 312.860000
3433 360 0 800 312.860000
3434 370 0 800 312.860000
3435 380 0 800 312.860000
3436 390 0 800 312.860000
3437 400 0 800 312.860000
3438 410 0 800 312.860000
3439 420 0 800 312.860000
3440 430 0 800 312.860000
3441 440 0 800 312.860000
3442 450 0 800 312.860000
3443 460 0 800 312.860000
3444 470 0 800 312.860000
3445 480 0 800 312.860000
3446 490 0 800 312.860000
3447 500 0 800 312.860000
3448 510 0 800 312.860000
3449 520 0 800 312.860000
3450 530 0 800 312.860000
3451 540 0 800 312.860000
3452 550 0 800 312.860000
3453 560 0 800 312.860000
3454 570 0 800 312.860000
3455 580 0 800 312.860000
3456 590 0 800 312.860000
3457 600 0 800 312.860000
3458 610 0 800 312.860000
3459 620 0 800 312.860000
3460 630 0 800 312.860000
3461 640 0 800 312.860000
3462 650 0 800 312.860000
3463 660 0 800 312.860000
3464 670 0 800 312.860000
3465 680 0 800 312.860000
3466 690 0 800 312.860000
3467 700 0 800 312.860000
3468 710 0 800 312.860000
3469 720 0 800 312.860000
3470 730 0 800 312.860000
3471 740 0 800 312.860000
3472 750 0 800 312.860000
3473 760 0 800 312.860000
3474 770 0 800 312.860000
3475 780 0 800 312.860000
3476 790 0 800 312.860000
3477 10 0 800 365.000000
3478 20 0 800 365.000000
3479 30 0 800 365.000000
3480 40 0 800 365.000000
3481 50 0 800 365.000000
3482 60 0 800 365.000000
3483 70 0 800 365.000000
3484 80 0 800 365.000000
3485 90 0 800 365.000000
3486 100 0 800 365.000000
3487 110 0 800 365.000000
3488 120 0 800 365.000000
3489 130 0 800 365.000000
3490 140 0 800 365.000000
3491 150 0 800 365.000000
3492 160 0 800 365.000000
3493 170 0 800 365.000000
3494 180 0 800 365.000000
3495 190 0 800 365.000000
3496 200 0 800 365.000000
3497 210 0 800 365.000000
3498 220 0 800 365.000000
3499 230 0 800 365.000000
3500 240 0 800 365.000000
3501 250 0 800 365.000000
3502 260 0 800 365.000000
3503 270 0 800 365.000000
3504 280 0 800 365.000000
3505 290 0 800 365.000000
3506 300 0 800 365.000000
3507 310 0 800 365.000000
3508 320 0 800 365.000000
3509 330 0 800 365.000000
3510 340 0 800 365.000000
3511 350 0 800 365.000000
3512 360 0 800 365.000000
3513 370 0 800 365.000000
3514 380 0 800 365.000000
3515 390 0 800 365.000000
3516 400 0 800 365.000000
3517 410 0 800 365.000000
3518 420 0 800 365.000000
3519 430 0 800 365.000000
3520 440 0 800 365.000000
3521 450 0 800 365.000000
3522 460 0 800 365.000000
3523 470 0 800 365.000000
3524 480 0 800 365.000000
3525 490 0 800 365.000000
3526 500 0 800 365.000000
3527 510 0 800 365.000000
3528 520 0 800 365.000000
3529 530 0 800 365.000000
3530 540 0 800 365.000000
3531 550 0 800 365.000000
3532 560 0 800 365.000000
3533 570 0 800 365.000000
3534 580 0 800 365.000000
3535 590 0 800 365.000000
3536 600 0 800 365.000000
3537 610 0 800 365.000000
3538 620 0 800 365.000000
3539 630 0 800 365.000000
3540 640 0 800 365.000000
3541 650 0 800 365.000000
3542 660 0 800 365.000000
3543 670 0 800 365.000000
3544 680 0 800 365.000000
3545 690 0 800 365.000000
3546 700 0 800 365.000000
3547 710 0 800 365.000000
3548 720 0 800 365.000000
3549 730 0 800 365.000000
3550 740 0 800 365.000000
3551 750 0 800 365.000000
3552 760 0 800 365.000000
3553 770 0 800 365.000000
3554 780 0 800 365.000000
3555 790 0 800 365.000000
3556 10 0 800 417.140000
3557 20 0 800 417.140000
3558 30 0 800 417.140000
3559 40 0 800 417.140000
3560 50 0 800 417.140000
3561 60 0 800 417.140000
3562 70 0 800 417.140000
3563 80 0 800 417.140000
3564 90 0 800 417.140000
3565 100 0 800 417.140000
3566 110 0 800 417.140000
3567 120 0 800 417.140000
3568 130 0 800 417.140000
3569 140 0 800 417.140000
3570 150 0 800 417.140000
3571 160 0 800 417.140000
3572 170 0 800 417.140000
3573 180 0 800 417.140000
3574 190 0 800 417.140000
3575 200 0 800 417.140000
3576 210 0 800 417.140000
3577 220 0 800 417.140000
3578 230 0 800 417.140000
3579 240 0 800 417.140000
3580 250 0 800 417.140000
3581 260 0 800 417.140000
3582 270 0 800 417.140000
3583 280 0 800 417.140000
3584 290 0 800 417.140000
3585 300 0 800 417.140000
3586 310 0 800 417.140000
3587 320 0 800 417.140000
3588 330 0 800 417.140000
3589 340 0 800 417.140000
3590 350 0 800 417.140000
3591 360 0 800 417.140000
3592 370 0 800 417.140000
3593 380 0 800 417.140000
3594 390 0 800 417.140000
3595 400 0 800 417.140000
3596 410 0 800 417.140000
3597 420 0 800 417.140000
3598 430 0 800 417.140000
3599 440 0 800 417.140000
3600 450 0 800 417.140000
3601 460 0 800 417.140000
3602 470 0 800 417.140000
3603 480 0 800 417.140000
3604 490 0 800 417.140000
3605 500 0 800 417.140000
3606 510 0 800 417.140000
3607 520 0 800 417.140000
3608 530 0 800 417.140000
3609 540 0 800 417.140000
3610 550 0 800 417.140000
3611 560 0 800 417.140000
3612 570 0 800 417.140000
3613 580 0 800 417.140000
3614 590 0 800 417.140000
3615 600 0 800 417.140000
3616 610 0 800 417.140000
3617 620 0 800 417.140000
3618 630 0 800 417.140000
3619 640 0 800 417.140000
3620 650 0 800 417.140000
3621 660 0 800 417.140000
3622 670 0 800 417.140000
3623 680 0 800 417.140000
3624 690 0 800 417.140000
3625 700 0 800 417.140000
3626 710 0 800 417.140000
3627 720 0 800 417.140000
3628 730 0 800 417.140000
3629 740 0 800 417.140000
3630 750 0 800 417.140000
3631 760 0 800 417.140000
3632 770 0 800 417.140000
3633 780 0 800 417.140000
3634 790 0 800 417.140000
3635 10 0 800 469.286000
3636 20 0 800 469.286000
3637 30 0 800 469.286000
3638 40 0 800 469.286000
3639 50 0 800 469.286000
3640 60 0 800 469.286000
3641 70 0 800 469.286000
3642 80 0 800 469.286000
3643 90 0 800 469.286000
3644 100 0 800 469.286000
3645 110 0 800 469.286000
3646 120 0 800 469.286000
3647 130 0 800 469.286000
3648 140 0 800 469.286000
3649 150 0 800 469.286000
3650 160 0 800 469.286000
3651 170 0 800 469.286000
3652 180 0 800 469.286000
3653 190 0 800 469.286000
3654 200 0 800 469.286000
3655 210 0 800 469.286000
3656 220 0 800 469.286000
3657 230 0 800 469.286000
3658 240 0 800 469.286000
3659 250 0 800 469.286000
3660 260 0 800 469.286000
3661 270 0 800 469.286000
3662 280 0 800 469.286000
3663 290 0 800 469.286000
3664 300 0 800 469.286000
3665 310 0 800 469.286000
3666 320 0 800 469.286000
3667 330 0 800 469.286000
3668 340 0 800 469.286000
3669 350 0 800 469.286000
3670 360 0 800 469.286000
3671 370 0 800 469.286000
3672 380 0 800 469.286000
3673 390 0 800 469.286000
3674 400 0 800 469.286000
3675 410 0 800 469.286000
3676 420 0 800 469.286000
3677 430 0 800 469.286000
3678 440 0 800 469.286000
3679 450 0 800 469.286000
3680 460 0 800 469.286000
3681 470 0 800 469.286000
3682 480 0 800 469.286000
3683 490 0 800 469.286000
3684 500 0 800 469.286000
3685 510 0 800 469.286000
3686 520 0 800 469.286000
3687 530 0 800 469.286000
3688 540 0 800 469.286000
3689 550 0 800 469.286000
3690 560 0 800 469.286000
3691 570 0 800 469.286000
3692 580 0 800 469.286000
3693 590 0 800 469.286000
3694 600 0 800 469.286000
3695 610 0 800 469.286000
3696 620 0 800 469.286000
3697 630 0 800 469.286000
3698 640 0 800 469.286000
3699 650 0 800 469.286000
3700 660 0 800 469.286000
3701 670 0 800 469.286000
3702 680 0 800 469.286000
3703 690 0 800 469.286000
3704 700 0 800 469.286000
3705 710 0 800 469.286000
3706 720 0 800 469.286000
3707 730 0 800 469.286000
3708 740 0 800 469.286000
3709 750 0 800 469.286000
3710 760 0 800 469.286000
3711 770 0 800 469.286000
3712 780 0 800 469.286000
3713 790 0 800 469.286000
3714 10 0 800 521.430000
3715 20 0 800 521.430000
3716 30 0 800 521.430000
3717 40 0 800 521.430000
3718 50 0 800 521.430000
3719 60 0 800 521.430000
3720 70 0 800 521.430000
3721 80 0 800 521.430000
3722 90 0 800 521.430000
3723 100 0 800 521.430000
3724 110 0 800 521.430000
3725 120 0 800 521.430000
3726 130 0 800 521.430000
3727 140 0 800 521.430000
3728 150 0 800 521.430000
3729 160 0 800 521.430000
3730 170 0 800 521.430000
3731 180 0 800 521.430000
3732 190 0 800 521.430000
3733 200 0 800 521.430000
3734 210 0 800 521.430000
3735 220 0 800 521.430000
3736 230 0 800 521.430000
3737 240 0 800 521.430000
3738 250 0 800 521.430000
3739 260 0 800 521.430000
3740 270 0 800 521.430000
3741 280 0 800 521.430000
3742 290 0 800 521.430000
3743 300 0 800 521.430000
3744 310 0 800 521.430000
3745 320 0 800 521.430000
3746 330 0 800 521.430000
3747 340 0 800 521.430000
3748 350 0 800 521.430000
3749 360 0 800 521.430000
3750 370 0 800 521.430000
3751 380 0 800 521.430000
3752 390 0 800 521.430000
3753 400 0 800 521.430000
3754 410 0 800 521.430000
3755 420 0 800 521.430000
3756 430 0 800 521.430000
3757 440 0 800 521.430000
3758 450 0 800 521.430000
3759 460 0 800 521.430000
3760 470 0 800 521.430000
3761 480 0 800 521.430000
3762 490 0 800 521.430000
3763 500 0 800 521.430000
3764 510 0 800 521.430000
3765 520 0 800 521.430000
3766 530 0 800 521.430000
3767 540 0 800 521.430000
3768 550 0 800 521.430000
3769 560 0 800 521.430000
3770 570 0 800 521.430000
3771 580 0 800 521.430000
3772 590 0 800 521.430000
3773 600 0 800 521.430000
3774 610 0 800 521.430000
3775 620 0 800 521.430000
3776 630 0 800 521.430000
3777 640 0 800 521.430000
3778 650 0 800 521.430000
3779 660 0 800 521.430000
3780 670 0 800 521.430000
3781 680 0 800 521.430000
3782 690 0 800 521.430000
3783 700 0 800 521.430000
3784 710 0 800 521.430000
3785 720 0 800 521.430000
3786 730 0 800 521.430000
3787 740 0 800 521.430000
3788 750 0 800 521.430000
3789 760 0 800 521.430000
3790 770 0 800 521.430000
3791 780 0 800 521.430000
3792 790 0 800 521.430000
